   36.413505367268193       2.00000000000000010E-004
   36.290723572698639       2.00000000000000010E-004
   36.168325463191593       2.00000000000000010E-004
   36.046309927084906       2.00000000000000010E-004
   35.924675855557091       2.00000000000000010E-004
   35.803422142622601       2.00000000000000010E-004
   35.682547685124561       2.00000000000000010E-004
   35.562051382730118       2.00000000000000010E-004
   35.441932137924361       2.00000000000000010E-004
   35.322188856004743       2.00000000000000010E-004
   35.202820445075268       2.00000000000000010E-004
   35.083825816040601       2.00000000000000010E-004
   34.965203882601351       2.00000000000000010E-004
   34.846953561246870       2.00000000000000010E-004
   34.729073771250668       2.00000000000000010E-004
   34.611563434664312       2.00000000000000010E-004
   34.494421476311985       2.00000000000000010E-004
   34.377646823784360       2.00000000000000010E-004
   34.261238407434014       2.00000000000000010E-004
   34.145195160368367       2.00000000000000010E-004
   34.029516018444951       2.00000000000000010E-004
   33.914199920265482       2.00000000000000010E-004
   33.799245807170358       2.00000000000000010E-004
   33.684652623232907       2.00000000000000010E-004
   33.570419315253602       2.00000000000000010E-004
   33.456544832755327       2.00000000000000010E-004
   33.343028127976446       2.00000000000000010E-004
   33.229868155866079       2.00000000000000010E-004
   33.117063874078269       2.00000000000000010E-004
   33.004614242966412       2.00000000000000010E-004
   32.892518225577682       2.00000000000000010E-004
   32.780774787647204       2.00000000000000010E-004
   32.669382897593387       2.00000000000000010E-004
   32.558341526511001       2.00000000000000010E-004
   32.447649648166575       2.00000000000000010E-004
   32.337306238992539       2.00000000000000010E-004
   32.227310278081745       2.00000000000000010E-004
   32.117660747181631       2.00000000000000010E-004
   32.008356630689633       2.00000000000000010E-004
   31.899396915646321       5.75711824487890088E-004
   31.790780591730758       9.83406349057245601E-004
   31.682506651254727       1.39411868661626533E-003
   31.574574089157274       1.81002598972122603E-003
   31.466981902999166       2.23326388605458830E-003
   31.359729092957224       2.66592700966250843E-003
   31.252814661819642       3.11006952651167110E-003
   31.146237614979228       3.56770565443209186E-003
   31.039996960428809       4.04081017748259691E-003
   30.934091708755542       4.53131895480532367E-003
   30.828520873135389       5.04112942401714875E-003
   30.723283469327551       5.57210109919131606E-003
   30.618378515669743       6.12605606347650222E-003
   30.513805033071595       6.70477945641869289E-003
   30.409562045009974       7.31001995601771818E-003
   30.305648577523360       7.94349025558334018E-003
   30.202063659206456       8.60686753543512748E-003
   30.098806321204712       9.30179392949740877E-003
   29.995875597208769       1.00298769728864694E-002
   29.893270523449761       1.07924483479721698E-002
   29.790990138692848       1.15899572977273928E-002
   29.689033484232482       1.24226523077564342E-002
   29.587399603886912       1.32907730691665896E-002
   29.486087543992788       1.41945506076178677E-002
   29.385096353399732       1.51342074109094820E-002
   29.284425083464843       1.61099575551179874E-002
   29.184072788048070       1.71220068292921163E-002
   29.084038523505697       1.81705528587454146E-002
   28.984321348685793       1.92557852269234636E-002
   28.884920324922632       2.03778855958884134E-002
   28.785834516031418       2.15370278254219429E-002
   28.687062988302692       2.27333780907668752E-002
   28.588604810497827       2.39670949990042487E-002
   28.490459053842560       2.52383297041162691E-002
   28.392624792022410       2.65472260207018987E-002
   28.295101101177227       2.78939205363914478E-002
   28.197887059895862       2.92785427229615182E-002
   28.100981749210895       3.07012150461638544E-002
   28.004384252593152       3.21620530742849492E-002
   27.908093655947198       3.36611655854311201E-002
   27.812109047604920       3.51986546735954531E-002
   27.716429518321025       3.67746158534614231E-002
   27.621054161267587       3.83891381639983667E-002
   27.525982072028807       4.00423042708442645E-002
   27.431212348595754       4.17341905674908920E-002
   27.336744091360963       4.34648672752861662E-002
   27.242576403113905       4.52343985422467704E-002
   27.148708389034734       4.70428425407404815E-002
   27.055139156689709       4.88902515639880880E-002
   26.961867816025865       5.07766584702124477E-002
   26.868893479365788       5.27015901907425671E-002
   26.776215261402246       5.46639462912206636E-002
   26.683832279193702       5.66626020603520700E-002
   26.591743652158069       5.86964495843064413E-002
   26.499948502068236       6.07643975491011928E-002
   26.408445953046755       6.28653710450467890E-002
   26.317235131560619       6.49983113732159473E-002
   26.226315166416132       6.71621758539166641E-002
   26.135685188753609       6.93559376371566116E-002
   26.045344332042905       7.15785855150551098E-002
   25.955291732077232       7.38291237362467823E-002
   25.865526526968733       7.61065718221729248E-002
   25.776047857143187       7.84099643853071043E-002
   25.686854865334883       8.07383509492704821E-002
   25.597946696581516       8.30907957708232059E-002
   25.509322498218928       8.54663776637183403E-002
   25.420981419876671       8.78641898243742031E-002
   25.332922613471901       9.02833396594149018E-002
   25.245145233205005       9.27229486149697690E-002
   25.157648435554300       9.51821520077864303E-002
   25.070431379271010       9.76600988581074331E-002
   24.983493225374037       0.10015595172430716     
   24.896833137145553       0.10266888653924269     
   24.810450280124972       0.10519809244837208     
   24.724343822104544       0.10774277164953053     
   24.638512933124172       0.11030213923441676     
   24.552956785466428       0.11287542303174553     
   24.467674553651428       0.11546186345205982     
   24.382665414431781       0.11806071333418114     
   24.297928546788143       0.12067123779326487     
   24.213463131923266       0.12329271407051004     
   24.129268353257679       0.12592443138441248     
   24.045343396424503       0.12856569078362137     
   23.961687449264510       0.13121584277577017     
   23.878299701820939       0.13387530904752773     
   23.795179346335242       0.13654567798020611     
   23.712325577241103       0.13922856725237270     
   23.629737591160161       0.14192556166030301     
   23.547414586896902       0.14463821355413231     
   23.465355765433678       0.14736804326919373     
   23.383560329925871       0.15011653955258983     
   23.302027485696701       0.15288515998506177     
   23.220756440233050       0.15567533139815565     
   23.139746403179508       0.15848845028682723     
   23.058996586334153       0.16132588321741223     
   22.978506203643516       0.16418896723109275     
   22.898274471197613       0.16707901024287655     
   22.818300607225179       0.16999729143612752     
   22.738583832088530       0.17294506165271245     
   22.659123368279388       0.17592354377875932     
   22.579918440413053       0.17893393312616634     
   22.500968275224174       0.18197739780978500     
   22.422272101561774       0.18505507912040609     
   22.343829150384366       0.18816809189355990     
   22.265638654755019       0.19131752487417825     
   22.187699849837099       0.19450444107712950     
   22.110011972888557       0.19772987814375437     
   22.032574263257725       0.20099484869432330     
   21.955385962378362       0.20430034067654654     
   21.878446313764847       0.20764731771014078     
   21.801754563007403       0.21103671942749680     
   21.725309957767141       0.21446946181049614     
   21.649111747771908       0.21794643752347162     
   21.573159184810617       0.22146851624245467     
   21.497451522729058       0.22503654498061254     
   21.421988017425015       0.22865134841001092     
   21.346767926843533       0.23231372917970131     
   21.271790510972131       0.23602446823017981     
   21.197055031835983       0.23978432510425279     
   21.122560753493712       0.24359403825431336     
   21.048306942031839       0.24745432534616335     
   20.974292865560635       0.25136586097310820     
   20.900517794209286       0.25532808094947568     
   20.826981000121169       0.25933861547724235     
   20.753681757449041       0.26339498685045165     
   20.680619342350912       0.26749475880184526     
   20.607793032984542       0.27163553598673229     
   20.535202109503263       0.27581496347234374     
   20.462845854051274       0.28003072623272141     
   20.390723550758928       0.28428054864905772     
   20.318834485738094       0.28856219401542921     
   20.247177947077361       0.29287346404988379     
   20.175753224837994       0.29721219841077356     
   20.104559611048440       0.30157627421841549     
   20.033596399700286       0.30596360558185198     
   19.962862886743494       0.31037214313079198     
   19.892358370081809       0.31479987355262778     
   19.822082149568139       0.31924481913448904     
   19.752033526999838       0.32370503731028966     
   19.682211806114672       0.32817862021266753     
   19.612616292585425       0.33266369422989900     
   19.543246294015855       0.33715841956756665     
   19.474101119936009       0.34166098981506027     
   19.405180081797674       0.34616963151681202     
   19.336482492969679       0.35068260374823917     
   19.268007668733890       0.35519819769629191     
   19.199754926279894       0.35971473624469019     
   19.131723584700968       0.36423057356363570     
   19.063912964989466       0.36874409470407465     
   18.996322390032265       0.37325371519642453     
   18.928951184606305       0.37775788065371835     
   18.861798675373905       0.38225506637914286     
   18.794864190878862       0.38674377697786055     
   18.728147061541101       0.39122254597322109     
   18.661646619652799       0.39568993542712222     
   18.595362199373717       0.40014453556463292     
   18.529293136726796       0.40458496440276104     
   18.463438769593644       0.40900986738335393     
   18.397798437710016       0.41341791701007918     
   18.332371482661827       0.41780781248941196     
   18.267157247880000       0.42217827937569979     
   18.202155078636512       0.42652806922010761     
   18.137364322039875       0.43085595922352043     
   18.072784327030700       0.43516075189332237     
   18.008414444377181       0.43944127470402078     
   17.944254026671185       0.44369654304001382     
   17.880302428323123       0.44792655985462371     
   17.816559005558045       0.45213168426110595     
   17.753023116411164       0.45631227098551064     
   17.689694120723466       0.46046866986390245     
   17.626571380137360       0.46460122590047204     
   17.563654258092175       0.46871027932503800     
   17.500942119820333       0.47279616564989296     
   17.438434332342254       0.47685921572612588     
   17.376130264462521       0.48089975579926059     
   17.314029286765415       0.48491810756434167     
   17.252130771610609       0.48891458822042050     
   17.190434093128712       0.49288951052446883     
   17.128938627217497       0.49684318284466999     
   17.067643751536821       0.50077590921322379     
   17.006548845504831       0.50468798937850179     
   16.945653290293588       0.50857971885668074     
   16.884956468824747       0.51245138898281739     
   16.824457765765327       0.51630328696136762     
   16.764156567523294       0.52013569591617514     
   16.704052262243817       0.52394889493987729     
   16.644144239804248       0.52774315914286085     
   16.584431891810429       0.53151875970160423     
   16.524914611592290       0.53527596390654297     
   16.465591794199625       0.53901503520940730     
   16.406462836397893       0.54273623327004428     
   16.347527136663867       0.54643981400274400     
   16.288784095181907       0.55012602962202473     
   16.230233113839056       0.55379512868799385     
   16.171873596221317       0.55744735615114416     
   16.113704947609349       0.56108295339669778     
   16.055726574974290       0.56470215828846215     
   15.997937886973492       0.56830520521221228     
   15.940338293946755       0.57189232511857024     
   15.882927207911571       0.57546374556547875     
   15.825704042559348       0.57901969076014947     
   15.768668213251225       0.58256038160057977     
   15.711819137013890       0.58608603571661433     
   15.655156232535472       0.58959686751055340     
   15.598678920161291       0.59309308819732420     
   15.542386621890223       0.59657490584417550     
   15.486278761369899       0.60004252541000713     
   15.430354763893046       0.60349614878419733     
   15.374614056393309       0.60693597482503658     
   15.319056067441153       0.61036219939773151     
   15.263680227239767       0.61377501541199186     
   15.208485967620920       0.61717461285920472     
   15.153472722041300       0.62056117884917050     
   15.098639925577828       0.62393489764649435     
   15.043987014924024       0.62729595070651178     
   14.989513428385875       0.63064451603193272     
   14.935218605877777       0.63398061154894203     
   14.881101988918431       0.63730389906941198     
   14.827163020627198       0.64061399867834434     
   14.773401145719513       0.64391053872579573     
   14.719815810503242       0.64719315571422031     
   14.666406462874610       0.65046149418712185     
   14.613172552314191       0.65371520661896687     
   14.560113529882946       0.65695395330635098     
   14.507228848218096       0.66017740226041477     
   14.454517961529627       0.66338522910045172     
   14.401980325595634       0.66657711694880029     
   14.349615397758830       0.66975275632687148     
   14.297422636922477       0.67291184505240009     
   14.245401503546420       0.67605408813786916     
   14.193551459643198       0.67917919769009794     
   14.141871968773946       0.68228689281099486     
   14.090362496044953       0.68537689949941483     
   14.039022508103063       0.68844895055421740     
   13.987851473132245       0.69150278547837207     
   13.936848860849524       0.69453815038421229     
   13.886014142501134       0.69755479789976982     
   13.835346790858503       0.70055248707620488     
   13.784846280214788       0.70353098329627817     
   13.734512086380388       0.70649005818394373     
   13.684343686679485       0.70942948951493368     
   13.634340559946088       0.71234906112841334     
   13.584502186520170       0.71524856283965843     
   13.534828048243831       0.71812779035375207     
   13.485317628457356       0.72098654518029404     
   13.435970411995774       0.72382463454908030     
   13.386785885184453       0.72664187132682478     
   13.337763535835663       0.72943807393480276     
   13.288902853244673       0.73221306626748706     
   13.240203328185951       0.73496667761213663     
   13.191664452909261       0.73769874256933610     
   13.143285721136269       0.74040910097444390     
   13.095066628056170       0.74309759782002349     
   13.047006670322304       0.74576408317913434     
   12.999105346048291       0.74840841212955878     
   12.951362154804269       0.75103044467892122     
   12.903776597613122       0.75363004569069536     
   12.856348176946671       0.75620708481109478     
   12.809076396722274       0.75876143639680826     
   12.761960762298541       0.76129297944364704     
   12.715000780472000       0.76380159751599030     
   12.668195959473238       0.76628717867710239     
   12.621545808963237       0.76874961542027320     
   12.575049840029614       0.77118880460078953     
   12.528707565182900       0.77360464736871903     
   12.482518498353123       0.77599704910248724     
   12.436482154885653       0.77836591934329191     
   12.390598051537841       0.78071117173026550     
   12.344865706475264       0.78303272393644230     
   12.299284639268068       0.78533049760549212     
   12.253854370887215       0.78760441828922656     
   12.208574423701172       0.78985441538583845     
   12.163444321471768       0.79208042207893448     
   12.118463589350865       0.79428237527726586     
   12.073631753876665       0.79646021555521429     
   12.028948342970093       0.79861388709399606     
   11.984412885931132       0.80074334016716142     
   11.940024913435199       0.80284866326248672     
   11.895783957529808       0.80493014421563669     
   11.851689551630502       0.80698808358939300     
   11.807741230517593       0.80902277841880754     
   11.763938530332496       0.81103452224962447     
   11.720280988574148       0.81302360517630201     
   11.676768144095414       0.81499031387964704     
   11.633399537099493       0.81693493166406161     
   11.590174709136635       0.81885773849439558     
   11.547093203100136       0.82075901103245019     
   11.504154563223089       0.82263902267307543     
   11.461358335074793       0.82449804357990997     
   11.418704065557204       0.82633634072075179     
   11.376191302901349       0.82815417790256751     
   11.333819596664103       0.82995181580612420     
   11.291588497724218       0.83172951202029732     
   11.249497558279133       0.83348752107599189     
   11.207546331841396       0.83522609447973006     
   11.165734373235175       0.83694548074688813     
   11.124061238592763       0.83864592543459104     
   11.082526485351050       0.84032767117426965     
   11.041129672248333       0.84199095770386534     
   10.999870359320395       0.84363602189973419     
   10.958748107897376       0.84526309780818687     
   10.917762480600212       0.84687241667672108     
   10.876913041337213       0.84846420698492375     
   10.836199355300634       0.85003869447505531     
   10.795620988963126       0.85159610218231974     
   10.755177510074681       0.85313665046480303     
   10.714868487658686       0.85466055703313437     
   10.674693492008871       0.85616803697980559     
   10.634652094685796       0.85765930280820413     
   10.594743868513472       0.85913456446133873     
   10.554968387575881       0.86059402935026974     
   10.515325227213898       0.86203790238223144     
   10.475813964021468       0.86346638598848435     
   10.436434175842505       0.86487968015185679     
   10.397185441767487       0.86627798243400600     
   10.358067342130092       0.86766148800239562     
   10.319079458503822       0.86903038965699331     
   10.280221373698591       0.87038487785668794     
   10.241492671757708       0.87172514074542062     
   10.202892937954058       0.87305136417806817     
   10.164421758787100       0.87436373174602933     
   10.126078721979468       0.87566242480255629     
   10.087863416473651       0.87694762248781954     
   10.049775432428616       0.87821950175370977     
   10.011814361216794       0.87947823738837150     
   9.9739797954203553       0.88072400204050061     
   9.9362713288282176       0.88195696624336350     
   9.8986885564326741       0.88317729843857751     
   9.8612310744261258       0.88438516499963760     
   9.8238984801978191       0.88558073025519568     
   9.7866903723305114       0.88676415651209872     
   9.7496063505974924       0.88793560407817174     
   9.7126460159589012       0.88909523128478585     
   9.6758089705587924       0.89024319450916223     
   9.6390948177218032       0.89137964819645565     
   9.6025031619499277       0.89250474488160225     
   9.5660336089193052       0.89361863521093499     
   9.5296857654769216       0.89472146796357521     
   9.4934592396376711       0.89581339007258742     
   9.4573536405807417       0.89689454664592971     
   9.4213685786466908       0.89796508098716410     
   9.3855036653341912       0.89902513461595579     
   9.3497585132968304       0.90007484728835696     
   9.3141327363398627       0.90111435701687259     
   9.2786259494173287       0.90214380009030870     
   9.2432377686284486       0.90316331109342707     
   9.2079678112147487       0.90417302292637236     
   9.1728156955568423       0.90517306682390297     
   9.1377810411712712       0.90616357237441525     
   9.1028634687073549       0.90714466753876732     
   9.0680625999440103       0.90811647866890066     
   9.0333780577868730       0.90907913052625944     
   8.9988094662647651       0.91003274629961273     
   8.9643564505268554       0.91097743648328255     
   8.9300186368394847       0.91191327027398905     
   8.8957956525830291       0.91284030740261923     
   8.8616871262488495       0.91375860728471903     
   8.8276926874360910       0.91466822902146783     
   8.7938119668488586       0.91556923140064750     
   8.7600445962927882       0.91646167289763436     
   8.7263902086721572       0.91734561167637962     
   8.6928484379868198       0.91822110559040160     
   8.6594189193291040       0.91908821218378256     
   8.6261012888807009       0.91994698869217006     
   8.5928951839098708       0.92079749204377515     
   8.5598002427680022       0.92163977886039272     
   8.5268161048868549       0.92247390545840569     
   8.4939424107754196       0.92329992784980586     
   8.4611788020169403       0.92411790174321318     
   8.4285249212658471       0.92492788254490133     
   8.3959804122447164       0.92572992535982723     
   8.3635449197414786       0.92652408499265548     
   8.3312180896060646       0.92731041594880392     
   8.2989995687476412       0.92808897243547528     
   8.2668890051315653       0.92885980836269888     
   8.2348860477763921       0.92962297734437604     
   8.2029903467509087       0.93037853269932669     
   8.1712015531710787       0.93112652745234015     
   8.1395193191973281       0.93186701433522301     
   8.1079432980312252       0.93260004578786160     
   8.0764731439127537       0.93332567395927402     
   8.0451085121173058       0.93404395070867152     
   8.0138490589527400       0.93475492760652024     
   7.9826944417563830       0.93545865593560651     
   7.9516443188923258       0.93615518669209763     
   7.9206983497481538       0.93684457058661763     
   7.8898561947322552       0.93752685804531233     
   7.8591175152708335       0.93820209921092146     
   7.8284819738050224       0.93887034394385194     
   7.7979492337879606       0.93953164182325233     
   7.7675189596818441       0.94018604214809087     
   7.7371908169552697       0.94083359393822663     
   7.7069644720799868       0.94147434593549661     
   7.6768395925282551       0.94210834660478981     
   7.6468158467699130       0.94273564413512967     
   7.6168929042695055       0.94335628644075598     
   7.5870704354834189       0.94397032116220680     
   7.5573481118569639       0.94457779566740441     
   7.5277256058217557       0.94517875705273346     
   7.4982025907925163       0.94577325214413399     
   7.4687787411644635       0.94636132749818147     
   7.4394537323104259       0.94694302940317354     
   7.4102272405779921       0.94751840388021780     
   7.3810989432866574       0.94808749668431835     
   7.3520685187251988       0.94865035330545766     
   7.3231356461485557       0.94920701896969262     
   7.2943000057752130       0.94975753864023460     
   7.2655612787843626       0.95030195701853937     
   7.2369191473131060       0.95084031854539408     
   7.2083732944536525       0.95137266740200421     
   7.1799234042504807       0.95189904751108090     
   7.1515691616977861       0.95241950253792429     
   7.1233102527363599       0.95293407589151602     
   7.0951463642510575       0.95344281072560022     
   7.0670771840679585       0.95394574993977088     
   7.0391024009516237       0.95444293618055664     
   7.0112217046022796       0.95493441184250594     
   6.9834347856532846       0.95542021906926777     
   6.9557413356680700       0.95590039975467878     
   6.9281410471376104       0.95637499554384409     
   6.9006336134776358       0.95684404783421817     
   6.8732187290259148       0.95730759777668606     
   6.8458960890395204       0.95776568627664360     
   6.8186653896920690       0.95821835399507593     
   6.7915263280712228       0.95866564134963306     
   6.7644786021756556       0.95910758851571087     
   6.7375219109125686       0.95954423542752332     
   6.7106559540949524       0.95997562177917861     
   6.6838804324388832       0.96040178702575019     
   6.6571950475608395       0.96082277038435060     
   6.6305995019749808       0.96123861083520190     
   6.6040934990906690       0.96164934712270156     
   6.5776767432094942       0.96205501775649438     
   6.5513489395228159       0.96245566101253655     
   6.5251097941090581       0.96285131493416010     
   6.4989590139310405       0.96324201733313641     
   6.4728963068332934       0.96362780579073770     
   6.4469213815396147       0.96400871765879470     
   6.4210339476501215       0.96438479006075861     
   6.3952337156388213       0.96475605989275437     
   6.3695203968509366       0.96512256382463579     
   6.3438937035002825       0.96548433830103819     
   6.3183533486666370       0.96584141954242986     
   6.2928990462930923       0.96619384354616045     
   6.2675305111836401       0.96654164608750603     
   6.2422474590002661       0.96688486272071761     
   6.2170496062605496       0.96722352878006135     
   6.1919366703350347       0.96755767938086001     
   6.1669083694446272       0.96788734942053212     
   6.1419644226580141       0.96821257357962787     
   6.1171045498890386       0.96853338632286423     
   6.0923284718943274       0.96884982190015556     
   6.0676359102704120       0.96916191434764587     
   6.0430265874513811       0.96946969748873513     
   6.0185002267062604       0.96977320493510510     
   5.9940565521364535       0.97007247015335629     
   5.9696952886731633       0.97036753483589344     
   5.9454161620750208       0.97065845689347374     
   5.9212188989252681       0.97094529546414676     
   5.8971032266294081       0.97122810894298472     
   5.8730688734126355       0.97150695499059347     
   5.8491155683173046       0.97178189054153008     
   5.8252430412004070       0.97205297181263195     
   5.8014510227310199       0.97232025431125468     
   5.7777392443879672       0.97258379284342189     
   5.7541074384570416       0.97284364152188896     
   5.7305553380286867       0.97309985377411834     
   5.7070826769954550       0.97335248235016925     
   5.6836891900495150       0.97360157933050295     
   5.6603746126801582       0.97384719613370418     
   5.6371386811712814       0.97408938352411889     
   5.6139811325990747       0.97432819161940787     
   5.5909017048292906       0.97456366989802423     
   5.5679001365149405       0.97479586720660438     
   5.5449761670937923       0.97502483176728194     
   5.5221295367859184       0.97525061118492207     
   5.4993599865911760       0.97547325245427907     
   5.4766672582869429       0.97569280196707309     
   5.4540510944254139       0.97590930551899402     
   5.4315112383313142       0.97612280831662823     
   5.4090474340994374       0.97633335498430907     
   5.3866594265921925       0.97654098957089464     
   5.3643469614371968       0.97674575555647136     
   5.3421097850247836       0.97694769585898589     
   5.3199476445057812       0.97714685284080161     
   5.2978602877888026       0.97734326831518981     
   5.2758474635380415       0.97753698355274543     
   5.2539089211707983       0.97772803928773444     
   5.2320444108550923       0.97791647572437257     
   5.2102536835072017       0.97810233254303647     
   5.1885364907894562       0.97828564890640402     
   5.1668925851075800       0.97846646346553290     
   5.1453217196084848       0.97864481436586792     
   5.1238236481778383       0.97882073925318580     
   5.1023981254376851       0.97899427527947436     
   5.0810449067440793       0.97916545910874686     
   5.0597637481846736       0.97933432692279387     
   5.0385544065765089       0.97950091442687059     
   5.0174166394634137       0.97966525685532524     
   4.9963502051138136       0.97982738897716204     
   4.9753548625183317       0.97998734510154584     
   4.9544303713874411       0.98014515908324507     
   4.9335764921491236       0.98030086432801578     
   4.9127929859464770       0.98045449379792737     
   4.8920796146355574       0.98060608001662686     
   4.8714361407827900       0.98075565507454987     
   4.8508623276628020       0.98090325063407047     
   4.8303579392560669       0.98104889793459682     
   4.8099227402465736       0.98119262779760885     
   4.7895564960194790       0.98133447063164270     
   4.7692589726589372       0.98147445643721809     
   4.7490299369455737       0.98161261481171336     
   4.7288691563543219       0.98174897495418567     
   4.7087763990520930       0.98188356567013768     
   4.6887514338954617       0.98201641537623285     
   4.6687940304283950       0.98214755210495819     
   4.6489039588799024       0.98227700350923508     
   4.6290809901619188       0.98240479686697824     
   4.6093248958667825       0.98253095908560795     
   4.5896354482651152       0.98265551670650797     
   4.5700124203034944       0.98277849590943678     
   4.5504555856022044       0.98289992251688829     
   4.5309647184529549       0.98301982199840643     
   4.5115395938165763       0.98313821947484925     
   4.4921799873209176       0.98325513972260725     
   4.4728856752583583       0.98337060717777558     
   4.4536564345837091       0.98348464594027785     
   4.4344920429119217       0.98359727977794487     
   4.4153922785158448       0.98370853213054976     
   4.3963569203239441       0.98381842611379544     
   4.3773857479182050       0.98392698452325822     
   4.3584785415316860       0.98403422983829103     
   4.3396350820464260       0.98414018422587746     
   4.3208551509911830       0.98424486954444601     
   4.3021385305391986       0.98434830734764323     
   4.2834850035059970       0.98445051888806079     
   4.2648943533471124       0.98455152512092370     
   4.2463663641560148       0.98465134670773591     
   4.2279008206617030       0.98475000401988755     
   4.2094975082266224       0.98484751714221741     
   4.1911562128444295       0.98494390587654024     
   4.1728767211377891       0.98503918974513072     
   4.1546588203561754       0.98513338799417038     
   4.1365022983736441       0.98522651959715635     
   4.1184069436867770       0.98531860325826870     
   4.1003725454122888       0.98540965741570441     
   4.0823988932849744       0.98549970024496958     
   4.0644857776554915       0.98558874966213816     
   4.0466329894881898       0.98567682332707129     
   4.0288403203588903       0.98576393864660106     
   4.0111075624528540       0.98585011277767953     
   3.9934345085624106       0.98593536263049175     
   3.9758209520849181       0.98601970487153179     
   3.9582666870205703       0.98610315592664743     
   3.9407715079702408       0.98618573198404691     
   3.9233352101333123       0.98626744899727381     
   3.9059575893055012       0.98634832268814865     
   3.8886384418768341       0.98642836854967408     
   3.8713775648292943       0.98650760184891251     
   3.8541747557348147       0.98658603762982522     
   3.8370298127530997       0.98666369071608273     
   3.8199425346294831       0.98674057571384288     
   3.8029127206927553       0.98681670701449742     
   3.7859401708531744       0.98689209879738515     
   3.7690246856001126       0.98696676503247749     
   3.7521660660000791       0.98704071948303218     
   3.7353641136945521       0.98711397570821491     
   3.7186186308978559       0.98718654706569386     
   3.7019294203950404       0.98725844671420371     
   3.6852962855397307       0.98732968761607898     
   3.6687190302521406       0.98740028253976042     
   3.6521974590167634       0.98747024406227157     
   3.6357313768803960       0.98753958457166735     
   3.6193205894499920       0.98760831626945522     
   3.6029649028905597       0.98767645117298697     
   3.5866641239230646       0.98774400111782490     
   3.5704180598222868       0.98781097776007976     
   3.5542265184148594       0.98787739257872165     
   3.5380893080769757       0.98794325687786644     
   3.5220062377324304       0.98800858178903295     
   3.5059771168504916       0.98807337827337627     
   3.4900017554438181       0.98813765712389467     
   3.4740799640663367       0.98820142896761087     
   3.4582115538112914       0.98826470426772850     
   3.4423963363089669       0.98832749332576408     
   3.4266341237247389       0.98838980628365358     
   3.4109247287569699       0.98845165312583561     
   3.3952679646349297       0.98851304368130866     
   3.3796636451167270       0.98857398762566717     
   3.3641115844872092       0.98863449448311247     
   3.3486115975560145       0.98869457362843993     
   3.3331634996553259       0.98875423428900466     
   3.3177671066379295       0.98881348554666371     
   3.3024222348751273       0.98887233633969474     
   3.2871287012546704       0.98893079546469398     
   3.2718863231787063       0.98898887157845128     
   3.2566949185617000       0.98904657319980371     
   3.2415543058284841       0.98910390871146658     
   3.2264643039120546       0.98916088636184529     
   3.2114247322516185       0.98921751426682347     
   3.1964354107905280       0.98927380041153279     
   3.1814961599742313       0.98932975265209910     
   3.1666068007482089       0.98938537871737187     
   3.1517671545560386       0.98944068621063008     
   3.1369770433371880       0.98949568261127041     
   3.1222362895250910       0.98955037527647371     
   3.1075447160450880       0.98960477144285486     
   3.0929021463123796       0.98965887822808951     
   3.0783084042300111       0.98971270263252498     
   3.0637633141868053       0.98976625154077080     
   3.0492667010554433       0.98981953172326997     
   3.0348183901902770       0.98987254983785367     
   3.0204182074254105       0.98992531243127591     
   3.0060659790726501       0.98997782594073047     
   2.9917615319194799       0.99003009654811358     
   2.9775046932270484       0.99008212792022721     
   2.9632952907281163       0.99013392170421388     
   2.9491331526251461       0.99018547947528301     
   2.9350181075881303       0.99023680279561721     
   2.9209499847526765       0.99028789321450261     
   2.9069286137179784       0.99033875226845847     
   2.8929538245447932       0.99038938148136502     
   2.8790254477534138       0.99043978236459140     
   2.8651433143217577       0.99048995641711957     
   2.8513072556832091       0.99053990512567036     
   2.8375171037247138       0.99058962996482580     
   2.8237726907847440       0.99063913239715129     
   2.8100738496513058       0.99068841387331597     
   2.7964204135599262       0.99073747583221272     
   2.7828122161916302       0.99078631970107622     
   2.7692490916710466       0.99083494689559992     
   2.7557308745642493       0.99088335882005218     
   2.7422573998768653       0.99093155686739165     
   2.7288285030520560       0.99097954241937980     
   2.7154440199685119       0.99102731684669432     
   2.7021037869384426       0.99107488150904066     
   2.6888076407056820       0.99112223775526154     
   2.6755554184435391       0.99116938692344703     
   2.6623469577529155       0.99121633034104228     
   2.6491820966602848       0.99126306932495456     
   2.6360606736156975       0.99130960518165978     
   2.6229825274908096       0.99135593920730669     
   2.6099474975768473       0.99140207268782155     
   2.5969554235827403       0.99144800689901014     
   2.5840061456329710       0.99149374310666083     
   2.5710995042656997       0.99153928256664459     
   2.5582353404307416       0.99158462652501511     
   2.5454134954875998       0.99162977621810755     
   2.5326338112034681       0.99167473287263685     
   2.5198961297512330       0.99171949770579415     
   2.5072002937075841       0.99176407192534299     
   2.4945461460508844       0.99180845672971485     
   2.4819335301592953       0.99185265330810246     
   2.4693622898087666       0.99189666284055356     
   2.4568322691710582       0.99194048649806288     
   2.4443433128117316       0.99198412544266323     
   2.4318952656882797       0.99202758082751685     
   2.4194879731479926       0.99207085379700410     
   2.4071212809260842       0.99211394548681231     
   2.3947950351436811       0.99215685702402423     
   2.3825090823058570       0.99219958952720400     
   2.3702632692996501       0.99224214410648404     
   2.3580574433920605       0.99228452186365002     
   2.3458914522281780       0.99232672389222509     
   2.3337651438290541       0.99236875127755386     
   2.3216783665898304       0.99241060509688483     
   2.3096309692777290       0.99245228641945249     
   2.2976228010300894       0.99249379630655865     
   2.2856537113523863       0.99253513581165276     
   2.2737235501162298       0.99257630598041113     
   2.2618321675574933       0.99261730785081592     
   2.2499794142741907       0.99265814245323358     
   2.2381651412245942       0.99269881081049161     
   2.2263891997252467       0.99273931393795578     
   2.2146514414489720       0.99277965284360470     
   2.2029517184228946       0.99281982852810613     
   2.1912898830265459       0.99285984198489063     
   2.1796657879897490       0.99289969420022528     
   2.1680792863907481       0.99293938615328670     
   2.1565302316541999       0.99297891881623301     
   2.1450184775492036       0.99301829315427537     
   2.1335438781873255       0.99305751012574928     
   2.1221062880205999       0.99309657068218393     
   2.1107055618396400       0.99313547576837125     
   2.0993415547715371       0.99317422632243668     
   2.0880141222779622       0.99321282327590488     
   2.0767231201531802       0.99325126755376891     
   2.0654684045220573       0.99328956007455560     
   2.0542498318380975       0.99332770175039309     
   2.0430672588814391       0.99336569348707537     
   2.0319205427569593       0.99340353618412724     
   2.0208095408921705       0.99344123073486967     
   2.0097341110353284       0.99347877802648155     
   1.9986941112534229       0.99351617894006417     
   1.9876893999302134       0.99355343435070342     
   1.9767198357642086       0.99359054512753142     
   1.9657852777667912       0.99362751213378719     
   1.9548855852600853       0.99366433622687866     
   1.9440206178750814       0.99370101825844193     
   1.9331902355496187       0.99373755907440031     
   1.9223942985264038       0.99377395951502434     
   1.9116326673510309       0.99381022041498912     
   1.9009052028699718       0.99384634260343352     
   1.8902117662286750       0.99388232690401601     
   1.8795522188694562       0.99391817413497230     
   1.8689264225295905       0.99395388510917071     
   1.8583342392393054       0.99398946063416938     
   1.8477755313197952       0.99402490151226996     
   1.8372501613812249       0.99406020854057253     
   1.8267579923207267       0.99409538251103025     
   1.8162988873204839       0.99413042421050279     
   1.8058727098456169       0.99416533442080890     
   1.7954793236422781       0.99420011391877994     
   1.7851185927356297       0.99423476347631101     
   1.7747903814278514       0.99426928386041347     
   1.7644945542961232       0.99430367583326595     
   1.7542309761907120       0.99433794015226384     
   1.7439995122328469       0.99437207757007107     
   1.7338000278128050       0.99440608883466974     
   1.7236323885878915       0.99443997468940770     
   1.7134964604804312       0.99447373587304977     
   1.7033921096757756       0.99450737311982407     
   1.6933192026202719       0.99454088715947098     
   1.6832776060193404       0.99457427871729054     
   1.6732671868353486       0.99460754851418920     
   1.6632878122856849       0.99464069726672688     
   1.6533393498407274       0.99467372568716261     
   1.6434216672218369       0.99470663448350061     
   1.6335346323993258       0.99473942435953588     
   1.6236781135905205       0.99477209601489835     
   1.6138519792576367       0.99480465014509811     
   1.6040560981058385       0.99483708744156962     
   1.5942903390812031       0.99486940859171447     
   1.5845545713687068       0.99490161427894597     
   1.5748486643901982       0.99493370518273072     
   1.5651724878023718       0.99496568197863278     
   1.5555259114948061       0.99499754533835405     
   1.5459088055878447       0.99502929592977740     
   1.5363210404306331       0.99506093441700749     
   1.5267624865990816       0.99509246146041175     
   1.5172330148938382       0.99512387771666111     
   1.5077324963382552       0.99515518383877055     
   1.4982608021763459       0.99518638047613894     
   1.4888178038708246       0.99521746827458801     
   1.4794033731009644       0.99524844787640254     
   1.4700173817606350       0.99527931992036867     
   1.4606597019562488       0.99531008504181273     
   1.4513302060047266       0.99534074387263871     
   1.4420287664314353       0.99537129704136718     
   1.4327552559682233       0.99540174517317193     
   1.4235095475512702       0.99543208888991785     
   1.4142915143191175       0.99546232881019758     
   1.4051010296106008       0.99549246554936732     
   1.3959379669628076       0.99552249971958462     
   1.3868022001090292       0.99555243192984233     
   1.3776936029766920       0.99558226278600614     
   1.3686120496853782       0.99561199289084867     
   1.3595574145446681       0.99564162284408453     
   1.3505295720521557       0.99567115324240540     
   1.3415283968913765       0.99570058467951461     
   1.3325537639297504       0.99572991774616026     
   1.3236055482165221       0.99575915303016971     
   1.3146836249806864       0.99578829111648370     
   1.3057878696289937       0.99581733258718819     
   1.2969181577437849       0.99584627802154813     
   1.2880743650809943       0.99587512799604028     
   1.2792563675680673       0.99590388308438493     
   1.2704640413018944       0.99593254385757846     
   1.2616972625467233       0.99596111088392558     
   1.2529559077321570       0.99598958472906951     
   1.2442398534509804       0.99601796595602521     
   1.2355489764571566       0.99604625512520850     
   1.2268831536637319       0.99607445279446871     
   1.2182422621407616       0.99610255951911708     
   1.2096261791132332       0.99613057585195952     
   1.2010347819589700       0.99615850234332415     
   1.1924679482066187       0.99618633954109315     
   1.1839255555334649       0.99621408799073086     
   1.1754074817634206       0.99624174823531375     
   1.1669136048649222       0.99626932081555952     
   1.1584438029488435       0.99629680626985551     
   1.1499979542664103       0.99632420513428732     
   1.1415759372070977       0.99635151794266796     
   1.1331776302966023       0.99637874522656422     
   1.1248029121946597       0.99640588751532677     
   1.1164516616930111       0.99643294533611615     
   1.1081237577133027       0.99645991921393073     
   1.0998190793049836       0.99648680967163428     
   1.0915375056432035       0.99651361722998222     
   1.0832789160267740       0.99654034240764899     
   1.0750431898759816       0.99656698572125446     
   1.0668302067305482       0.99659354768539044     
   1.0586398462475235       0.99662002881264655     
   1.0504719881991806       0.99664642961363614     
   1.0423265124709169       0.99667275059702243     
   1.0342032990591385       0.99669899226954350     
   1.0261022280692229       0.99672515513603810     
   1.0180231797133179       0.99675123969947077     
   1.0099660343083054       0.99677724646095633     
   1.0019306722736836       0.99680317591978485     
  0.99391697412945557       0.99682902857344635     
  0.98592482049401964       0.99685480491765543     
  0.97795409208211925       0.99688050544637463     
  0.97000466970264720       0.99690613065183897     
  0.96207643425660194       0.99693168102457985     
  0.95416926673496749       0.99695715705344823     
  0.94628304821660691       0.99698255922563872     
  0.93841765986615555       0.99700788802671181     
  0.93057298293190183       0.99703314394061859     
  0.92274889874374311       0.99705832744972145     
  0.91494528871098679       0.99708343903481911     
  0.90716203432030462       0.99710847917516765     
  0.89939901713361681       0.99713344834850304     
  0.89165611878598394       0.99715834703106465     
  0.88393322098350535       0.99718317569761539     
  0.87623020550119701       0.99720793482146497     
  0.86854695418095407       0.99723262487449138     
  0.86088334892935281       0.99725724632716195     
  0.85323927171561453       0.99728179964855557     
  0.84561460456948678       0.99730628530638321     
  0.83800922957914636       0.99733070376700927     
  0.83042302888908415       0.99735505549547254     
  0.82285588469807092       0.99737934095550729     
  0.81530767925696956       0.99740356060956281     
  0.80777829486670205       0.99742771491882565     
  0.80026761387614442       0.99745180434323832     
  0.79277551868003093       0.99747582934152001     
  0.78530189171687148       0.99749979037118752     
  0.77784661546684686       0.99752368788857348     
  0.77040957244978103       0.99754752234884703     
  0.76299064522297755       0.99757129420603352     
  0.75558971637919026       0.99759500391303380     
  0.74820666854453721       0.99761865192164334     
  0.74084138437642322       0.99764223868257129     
  0.73349374656146793       0.99766576464546042     
  0.72616363781342441       0.99768923025890444     
  0.71885094087117007       0.99771263597046822     
  0.71155553849655684       0.99773598222670568     
  0.70427731347241052       0.99775926947317828     
  0.69701614860046290       0.99778249815447351     
  0.68977192669929543       0.99780566871422294     
  0.68254453060228504       0.99782878159512101     
  0.67533384315560929       0.99785183723894089     
  0.66813974721612812       0.99787483608655569     
  0.66096212564940382       0.99789777857795270     
  0.65380086132765691       0.99792066515225331     
  0.64665583712774222       0.99794349624772904     
  0.63952693592912935       0.99796627230181956     
  0.63241404061187367       0.99798899375115002     
  0.62531703405466410       0.99801166103154704     
  0.61823579913273452       0.99803427457805660     
  0.61117021871592736       0.99805683482496077     
  0.60412017566668452       0.99807934220579375     
  0.59708555283806186       0.99810179715335934     
  0.59006623307175854       0.99812420009974612     
  0.58306209919612684       0.99814655147634501     
  0.57607303402426457       0.99816885171386427     
  0.56909892035197918       0.99819110124234689     
  0.56213964095589408       0.99821330049118506     
  0.55519507859148987       0.99823544988913704     
  0.54826511599118177       0.99825754986434279     
  0.54134963586237417       0.99827960084433831     
  0.53444852088560468       0.99830160325607287     
  0.52756165371255692       0.99832355752592306     
  0.52068891696421904       0.99834546407970837     
  0.51383019322898149       0.99836732334270650     
  0.50698536506076652       0.99838913573966814     
  0.50015431497715701       0.99841090169483149     
  0.49333692545752839       0.99843262163193747     
  0.48653307894126407       0.99845429597424462     
  0.47974265782583614       0.99847592514454175     
  0.47296554446504069       0.99849750956516570     
  0.46620162116717578       0.99851904965801164     
  0.45945077019324532       0.99854054584455021     
  0.45271287375516045       0.99856199854584060     
  0.44598781401402654       0.99858340818254354     
  0.43927547307830217       0.99860477517493651     
  0.43257573300211005       0.99862609994292617     
  0.42588847578350020       0.99864738290606303     
  0.41921358336273151       0.99866862448355387     
  0.41255093762057560       0.99868982509427584     
  0.40590042037662055       0.99871098515678891     
  0.39926191338765626       0.99873210508934940     
  0.39263529834594602       0.99875318530992296     
  0.38602045687764863       0.99877422623619683     
  0.37941727054118402       0.99879522828559375     
  0.37282562082564108       0.99881619187528259     
  0.36624538914919635       0.99883711742219294     
  0.35967645685754124       0.99885800534302582     
  0.35311870522238897       0.99887885605426641     
  0.34657201543988370       0.99889966997219670     
  0.34003626862914560       0.99892044751290665     
  0.33351134583078057       0.99894118909230611     
  0.32699712800542291       0.99896189512613698     
  0.32049349603228405       0.99898256602998448     
  0.31400033070779365       0.99900320221928862     
  0.30751751274413253       0.99902380410935543     
  0.30104492276791595       0.99904437211536812     
  0.29458244131883893       0.99906490665239889     
  0.28812994884836396       0.99908540813541824     
  0.28168732571842381       0.99910587697930742     
  0.27525445220014988       0.99912631359886817     
  0.26883120847268249       0.99914671840883340     
  0.26241747462188503       0.99916709182387742     
  0.25601313063921416       0.99918743425862677     
  0.24961805642055479       0.99920774612766994     
  0.24323213176509451       0.99922802784556697     
  0.23685523637423533       0.99924827982686015     
  0.23048724985051661       0.99926850248608223     
  0.22412805169663819       0.99928869623776762     
  0.21777752131438755       0.99930886149646125     
  0.21143553800372605       0.99932899867672698     
  0.20510198096185062       0.99934910819315736     
  0.19877672928229551       0.99936919046038264     
  0.19245966195406727       0.99938924589308020     
  0.18615065786086760       0.99940927490598053     
  0.17984959578024218       0.99942927791387959     
  0.17355635438287753       0.99944925533164342     
  0.16727081223189066       0.99946920757421898     
  0.16099284778215606       0.99948913505664094     
  0.15472233937968860       0.99950903819403947     
  0.14845916526104408       0.99952891740164784     
  0.14220320355283200       0.99954877309481061     
  0.13595433227114539       0.99956860568898998     
  0.12971242932116001       0.99958841559977429     
  0.12347737249672130       0.99960820324288302     
  0.11724903947998300       0.99962796903417550     
  0.11102730784110149       0.99964771338965597     
  0.10481205503796520       0.99966743672548131     
  9.86031584160309560E-002  0.99968713945796606     
  9.24004952080965669E-002  0.99970682200358973     
  8.62039425342429055E-002  0.99972648477900083     
  8.00133774017719457E-002  0.99974612820102493     
  7.38286767052094284E-002  0.99976575268666790     
  6.76497172263539337E-002  0.99978535865312235     
  6.14763756344398615E-002  0.99980494651777219     
  5.53085284862462334E-002  0.99982451669819805     
  4.91460522263740263E-002  0.99984406961218086     
  4.29888231875374949E-002  0.99986360567770749     
  3.68367175909196654E-002  0.99988312531297396     
  3.06896115465986608E-002  0.99990262893638981     
  2.45473810540228765E-002  0.99992211696658195     
  1.84099020026158300E-002  0.99994158982239778     
  1.22770501723259429E-002  0.99996104792290863     
  6.14870123436883631E-003  0.99998049168741332     
  2.47307519827266731E-005  0.99999992153543993     
  0                         1