   18.9963223900323       1.989895450342968E-004
   18.9289511846063       1.990048989697666E-004
   18.8617986753739       1.990255273098360E-004
   18.7948641908789       1.990532009400031E-004
   18.7281470615411       1.990902714297935E-004
   18.6616466196528       1.991398568393503E-004
   18.5953621993737       1.992060854900032E-004
   18.5292931367268       1.992944153106107E-004
   18.4634387695936       1.994120515771571E-004
   18.3977984377100       1.995684925638350E-004
   18.3323714826618       1.997762412382407E-004
   18.2671572478800       2.000517321853197E-004
   18.2021550786365       2.004165371128253E-004
   18.1373643220399       2.008989304173885E-004
   18.0727843270307       2.015359194531538E-004
   18.0084144443772       2.023758736984129E-004
   17.9442540266712       2.034819246663283E-004
   17.8803024283231       2.049363563039310E-004
   17.8165590055580       2.068462664657918E-004
   17.7530231164112       2.093508572199446E-004
   17.6896941207235       2.126308094780515E-004
   17.6265713801374       2.169203210278308E-004
   17.5636542580922       2.225225430802713E-004
   17.5009421198203       2.298293471262096E-004
   17.4384343323423       2.393466014040774E-004
   17.3761302644625       2.517264471989400E-004
   17.3140292867654       2.678084550433539E-004
   17.2521307716106       2.886720287309633E-004
   17.1904340931287       3.157030341765419E-004
   17.1289386272175       3.506783888595791E-004
   17.0676437515368       3.958732899897177E-004
   17.0065488455048       4.541969263704956E-004
   16.9456532902936       5.293639582316767E-004
   16.8849564688247       6.261108166518191E-004
   16.8244577657653       7.504680323892267E-004
   16.7641565675233       9.101024212732681E-004
   16.7040522622438       1.114746099632848E-003
   16.6441442398042       1.376733042423297E-003
   16.5844318918104       1.711668272996618E-003
   16.5249146115923       2.139259788658621E-003
   16.4655917941996       2.684348902106833E-003
   16.4064628363979       3.378180598310053E-003
   16.3475271366639       4.259961321521708E-003
   16.2887840951819       5.378756501888152E-003
   16.2302331138391       6.795782720197190E-003
   16.1718735962213       8.587147453505096E-003
   16.1137049476093       1.084707936740006E-002
   16.0557265749743       1.369166892391364E-002
   15.9979378869735       1.726309519109674E-002
   15.9403382939468       2.173423995252522E-002
   15.8829272079116       2.731347142025578E-002
   15.8257040425593       3.424920185142667E-002
   15.7686682132512       4.283357154714071E-002
   15.7118191370139       5.340427814678261E-002
   15.6551562325355       6.634316497900244E-002
   15.5986789201613       8.206975200007757E-002
   15.5423866218902       0.101027544894463     
   15.4862787613699       0.123660884662868     
   15.4303547638930       0.150380585634780     
   15.3746140563933       0.181517987900473     
   15.3190560674411       0.217269573584207     
   15.2636802272398       0.257637901571759     
   15.2084859676209       0.302378637457377     
   15.1534727220413       0.350966478950400     
   15.0986399255778       0.402592900650186     
   15.0439870149240       0.456204334937682     
   14.9895134283859       0.510580703916597     
   14.9352186058778       0.564443467927187     
   14.8811019889184       0.616573624410448     
   14.8271630206272       0.665917162354927     
   14.7734011457195       0.711659645557679     
   14.7198158105032       0.753260880798214     
   14.6664064628746       0.790451024780631     
   14.6131725523142       0.823197265673251     
   14.5601135298829       0.851653595447238     
   14.5072288482181       0.876105534094491     
   14.4545179615296       0.896918589389676     
   14.4019803255956       0.914495482852643     
   14.3496153977588       0.929243941304740     
   14.2974226369225       0.941554649342659     
   14.2454015035464       0.951787778515893     
   14.1935514596432       0.960266104617701     
   14.1418719687739       0.967272797082769     
   14.0903624960450       0.973052268849810     
   14.0390225081031       0.977812848070463     
   13.9878514731322       0.981730384484789     
   13.9368488608495       0.984952194071734     
   13.8860141425011       0.987600967000033     
   13.8353467908585       0.989778422349060     
   13.7848462802148       0.991568600608410     
   13.7345120863804       0.993040754281310     
   13.6843436866795       0.994251839043382     
   13.6343405599461       0.995248631538562     
   13.5845021865202       0.996069511454502     
   13.5348280482438       0.996745949545790     
   13.4853176284574       0.997303742846021     
   13.4359704119958       0.997764035452262     
   13.3867858851845       0.998144159260525     
   13.3377635358357       0.998458324659464     
   13.2889028532447       0.998718186902652     
   13.2402033281860       0.998933309916634     
   13.1916644529093       0.999111545770794     
   13.1432857211363       0.999259344965689     
   13.0950666280562       0.999382010074653     
   13.0470066703223       0.999483903061939     
   12.9991053460483       0.999568614752624     
   12.9513621548043       0.999639103395984     
   12.9037765976131       0.999697807998149     
   12.8563481769467       0.999746741059185     
   12.8090763967223       0.999787564496625     
   12.7619607622985       0.999821651839821     
   12.7150007804720       0.999850139209812     
   12.6681959594732       0.999873967134814     
   12.6215458089632       0.999893914872862     
   12.5750498400296       0.999910628604747     
   12.5287075651829       0.999924644609319     
   12.4825184983531       0.999936408328750     
   12.4364821548857       0.999946290064889     
   12.3905980515378       0.999954597912179     
   12.3448657064753       0.999961588422172     
   12.2992846392681       0.999967475404555     
   12.2538543708872       0.999972437196162     
   12.2085744237012       0.999976622669530     
   12.1634443214718       0.999980156203564     
   12.1184635893509       0.999983141798952     
   12.0736317538767       0.999985666488231     
   12.0289483429701       0.999987803163693     
   11.9844128859311       0.999989612924416     
   11.9400249134352       0.999991147025759     
   11.8957839575298       0.999992448499957     
   11.8516895516305       0.999993553504399     
   11.8077412305176       0.999994492444234     
   11.7639385303325       0.999995290907825     
   11.7202809885741       0.999995970446878     
   11.6767681440954       0.999996549227547     
   11.6333995370995       0.999997042574277     
   11.5901747091366       0.999997463424425     
   11.5470932031001       0.999997822708582     
   11.5041545632231       0.999998129668994     
   11.4613583350748       0.999998392126355     
   11.4187040655572       0.999998616703532     
   11.3761913029013       0.999998809013294     
   11.3338195966641       0.999998973815980     
   11.2915884977242       0.999999115152009     
   11.2494975582791       0.999999236453332     
   11.2075463318414       0.999999340637242     
   11.1657343732352       0.999999430185397     
   11.1240612385928       0.999999507210440     
   11.0825264853510       0.999999573512191     
   11.0411296722483       0.999999630625093     
   10.9998703593204       0.999999679858297     
   10.9587481078974       0.999999722329549     
   10.9177624806002       0.999999758993863     
   10.8769130413372       0.999999790667804     
   10.8361993553006       0.999999818050054     
   10.7956209889631       0.999999841738858     
   10.7551775100747       0.999999862246827     
   10.7148684876587       0.999999880013500     
   10.6746934920089       0.999999895416029     
   10.6346520946858       0.999999908778261     
   10.5947438685135       0.999999920378460     
   10.5549683875759       0.999999930455893     
   10.5153252272139       0.999999939216436     
   10.4758139640215       0.999999946837351     
   10.4364341758425       0.999999953471375     
   10.3971854417675       0.999999959250193     
   10.3580673421301       0.999999964287425     
   10.3190794585038       0.999999968681161     
   10.2802213736986       0.999999972516150     
   10.2414926717577       0.999999975865656     
   10.2028929379541       0.999999978793058     
   10.1644217587871       0.999999981353222     
   10.1260787219795       0.999999983593673     
   10.0878634164737       0.999999985555605     
   10.0497754324286       0.999999987274748     
   10.0118143612168       0.999999988782112     
   9.97397979542036       0.999999990104628     
   9.93627132882822       0.999999991265701     
   9.89868855643267       0.999999992285681     
   9.86123107442613       0.999999993182278     
   9.82389848019782       0.999999993970907     
   9.78669037233051       0.999999994665003     
   9.74960635059749       0.999999995276275     
   9.71264601595890       0.999999995814938     
   9.67580897055879       0.999999996289907     
   9.63909481772180       0.999999996708969     
   9.60250316194993       0.999999997078929     
   9.56603360891931       0.999999997405738     
   9.52968576547692       0.999999997694602     
   9.49345923963767       0.999999997950079     
   9.45735364058074       0.999999998176162     
   9.42136857864669       0.999999998376352     
   9.38550366533419       0.999999998553719     
   9.34975851329683       0.999999998710957     
   9.31413273633986       0.999999998850431     
   9.27862594941733       0.999999998974220     
   9.24323776862845       0.999999999084152     
   9.20796781121475       0.999999999181833     
   9.17281569555684       0.999999999268679     
   9.13778104117127       0.999999999345936     
   9.10286346870735       0.999999999414700     
   9.06806259994401       0.999999999475940     
   9.03337805778687       0.999999999530511     
   8.99880946626477       0.999999999579165     
   8.96435645052686       0.999999999622567     
   8.93001863683948       0.999999999661307     
   8.89579565258303       0.999999999695904     
   8.86168712624885       0.999999999726818     
   8.82769268743609       0.999999999754456     
   8.79381196684886       0.999999999779178     
   8.76004459629279       0.999999999801305     
   8.72639020867216       0.999999999821119     
   8.69284843798682       0.999999999838871     
   8.65941891932910       0.999999999854785     
   8.62610128888070       0.999999999869058     
   8.59289518390987       0.999999999881866     
   8.55980024276800       0.999999999893366     
   8.52681610488685       0.999999999903696     
   8.49394241077542       0.999999999912980     
   8.46117880201694       0.999999999921330     
   8.42852492126585       0.999999999928841     
   8.39598041224472       0.999999999935603     
   8.36354491974148       0.999999999941693     
   8.33121808960606       0.999999999947180     
   8.29899956874764       0.999999999952127     
   8.26688900513157       0.999999999956588     
   8.23488604777639       0.999999999960615     
   8.20299034675091       0.999999999964250     
   8.17120155317108       0.999999999967534     
   8.13951931919733       0.999999999970502     
   8.10794329803123       0.999999999973185     
   8.07647314391275       0.999999999975613     
   8.04510851211731       0.999999999977810     
   8.01384905895274       0.999999999979799     
   7.98269444175638       0.999999999981602     
   7.95164431889233       0.999999999983235     
   7.92069834974815       0.999999999984716     
   7.88985619473226       0.999999999986060     
   7.85911751527083       0.999999999987280     
   7.82848197380502       0.999999999988388     
   7.79794923378796       0.999999999989394     
   7.76751895968184       0.999999999990309     
   7.73719081695527       0.999999999991140     
   7.70696447207999       0.999999999991897     
   7.67683959252826       0.999999999992586     
   7.64681584676991       0.999999999993213     
   7.61689290426951       0.999999999993784     
   7.58707043548342       0.999999999994304     
   7.55734811185696       0.999999999994779     
   7.52772560582176       0.999999999995212     
   7.49820259079252       0.999999999995607     
   7.46877874116446       0.999999999995968     
   7.43945373231043       0.999999999996298     
   7.41022724057799       0.999999999996599     
   7.38109894328666       0.999999999996874     
   7.35206851872520       0.999999999997126     
   7.32313564614856       0.999999999997356     
   7.29430000577521       0.999999999997567     
   7.26556127878436       0.999999999997760     
   7.23691914731311       0.999999999997937     
   7.20837329445365       0.999999999998099     
   7.17992340425048       0.999999999998248     
   7.15156916169779       0.999999999998384     
   7.12331025273636       0.999999999998509     
   7.09514636425106       0.999999999998624     
   7.06707718406796       0.999999999998730     
   7.03910240095162       0.999999999998827     
   7.01122170460228       0.999999999998916     
   6.98343478565328       0.999999999998998     
   6.95574133566807       0.999999999999073     
   6.92814104713761       0.999999999999142     
   6.90063361347764       0.999999999999206     
   6.87321872902591       0.999999999999265     
   6.84589608903952       0.999999999999319     
   6.81866538969207       0.999999999999369     
   6.79152632807122       0.999999999999415     
   6.76447860217566       0.999999999999458     
   6.73752191091257       0.999999999999497     
   6.71065595409495       0.999999999999533     
   6.68388043243888       0.999999999999567     
   6.65719504756084       0.999999999999598     
   6.63059950197498       0.999999999999626     
   6.60409349909067       0.999999999999652     
   6.57767674320949       0.999999999999677     
   6.55134893952282       0.999999999999699     
   6.52510979410906       0.999999999999720     
   6.49895901393104       0.999999999999740     
   6.47289630683329       0.999999999999758     
   6.44692138153961       0.999999999999774     
   6.42103394765012       0.999999999999790     
   6.39523371563882       0.999999999999804     
   6.36952039685094       0.999999999999817     
   6.34389370350028       0.999999999999829     
   6.31835334866664       0.999999999999841     
   6.29289904629309       0.999999999999851     
   6.26753051118364       0.999999999999861     
   6.24224745900027       0.999999999999870     
   6.21704960626055       0.999999999999879     
   6.19193667033503       0.999999999999887     
   6.16690836944463       0.999999999999894     
   6.14196442265801       0.999999999999901     
   6.11710454988904       0.999999999999907     
   6.09232847189433       0.999999999999913     
   6.06763591027041       0.999999999999919     
   6.04302658745138       0.999999999999924     
   6.01850022670626       0.999999999999929     
   5.99405655213645       0.999999999999933     
   5.96969528867316       0.999999999999937     
   5.94541616207502       0.999999999999941     
   5.92121889892527       0.999999999999945     
   5.89710322662941       0.999999999999948     
   5.87306887341264       0.999999999999951     
   5.84911556831730       0.999999999999954     
   5.82524304120041       0.999999999999957     
   5.80145102273102       0.999999999999960     
   5.77773924438797       0.999999999999962     
   5.75410743845704       0.999999999999964     
   5.73055533802869       0.999999999999966     
   5.70708267699546       0.999999999999968     
   5.68368919004952       0.999999999999970     
   5.66037461268016       0.999999999999972     
   5.63713868117128       0.999999999999974     
   5.61398113259907       0.999999999999975     
   5.59090170482929       0.999999999999977     
   5.56790013651494       0.999999999999978     
   5.54497616709379       0.999999999999979     
   5.52212953678592       0.999999999999980     
   5.49935998659118       0.999999999999982     
   5.47666725828694       0.999999999999982     
   5.45405109442541       0.999999999999984     
   5.43151123833131       0.999999999999984     
   5.40904743409944       0.999999999999985     
   5.38665942659219       0.999999999999986     
   5.36434696143720       0.999999999999987     
   5.34210978502478       0.999999999999988     
   5.31994764450578       0.999999999999988     
   5.29786028778880       0.999999999999989     
   5.27584746353804       0.999999999999989     
   5.25390892117080       0.999999999999990     
   5.23204441085509       0.999999999999991     
   5.21025368350720       0.999999999999991     
   5.18853649078946       0.999999999999992     
   5.16689258510758       0.999999999999992     
   5.14532171960848       0.999999999999992     
   5.12382364817784       0.999999999999993     
   5.10239812543769       0.999999999999993     
   5.08104490674408       0.999999999999994     
   5.05976374818467       0.999999999999994     
   5.03855440657651       0.999999999999994     
   5.01741663946341       0.999999999999994     
   4.99635020511381       0.999999999999995     
   4.97535486251833       0.999999999999995     
   4.95443037138744       0.999999999999995     
   4.93357649214912       0.999999999999996     
   4.91279298594648       0.999999999999996     
   4.89207961463556       0.999999999999996     
   4.87143614078279       0.999999999999996     
   4.85086232766280       0.999999999999996     
   4.83035793925607       0.999999999999996     
   4.80992274024657       0.999999999999997     
   4.78955649601948       0.999999999999997     
   4.76925897265894       0.999999999999997     
   4.74902993694557       0.999999999999997     
   4.72886915635432       0.999999999999997     
   4.70877639905209       0.999999999999997     
   4.68875143389546       0.999999999999998     
   4.66879403042840       0.999999999999998     
   4.64890395887990       0.999999999999998     
   4.62908099016192       0.999999999999998     
   4.60932489586678       0.999999999999998     
   4.58963544826512       0.999999999999998     
   4.57001242030349       0.999999999999998     
   4.55045558560220       0.999999999999998     
   4.53096471845295       0.999999999999998     
   4.51153959381658       0.999999999999998     
   4.49217998732092       0.999999999999998     
   4.47288567525836       0.999999999999998     
   4.45365643458371       0.999999999999999     
   4.43449204291192       0.999999999999999     
   4.41539227851584       0.999999999999999     
   4.39635692032394       0.999999999999999     
   4.37738574791821       0.999999999999999     
   4.35847854153169       0.999999999999999     
   4.33963508204643       0.999999999999999     
   4.32085515099118       0.999999999999999     
   4.30213853053920       0.999999999999999     
   4.28348500350600       0.999999999999999     
   4.26489435334711       0.999999999999999     
   4.24636636415601       0.999999999999999     
   4.22790082066170       0.999999999999999     
   4.20949750822662       0.999999999999999     
   4.19115621284443       0.999999999999999     
   4.17287672113779       0.999999999999999     
   4.15465882035618       0.999999999999999     
   4.13650229837364       0.999999999999999     
   4.11840694368678       0.999999999999999     
   4.10037254541229       0.999999999999999     
   4.08239889328497       0.999999999999999     
   4.06448577765549       0.999999999999999     
   4.04663298948819       0.999999999999999     
   4.02884032035889       0.999999999999999     
   4.01110756245285        1.00000000000000     
   3.99343450856241        1.00000000000000     
   3.97582095208492        1.00000000000000     
   3.95826668702057        1.00000000000000     
   3.94077150797024        1.00000000000000     
   3.92333521013331        1.00000000000000     
   3.90595758930550        1.00000000000000     
   3.88863844187683        1.00000000000000     
   3.87137756482929        1.00000000000000     
   3.85417475573481        1.00000000000000     
   3.83702981275310        1.00000000000000     
   3.81994253462948        1.00000000000000     
   3.80291272069276        1.00000000000000     
   3.78594017085317        1.00000000000000     
   3.76902468560011        1.00000000000000     
   3.75216606600008        1.00000000000000     
   3.73536411369455        1.00000000000000     
   3.71861863089786        1.00000000000000     
   3.70192942039504        1.00000000000000     
   3.68529628553973        1.00000000000000     
   3.66871903025214        1.00000000000000     
   3.65219745901676        1.00000000000000     
   3.63573137688040        1.00000000000000     
   3.61932058944999        1.00000000000000     
   3.60296490289056        1.00000000000000     
   3.58666412392306        1.00000000000000     
   3.57041805982229        1.00000000000000     
   3.55422651841486        1.00000000000000     
   3.53808930807698        1.00000000000000     
   3.52200623773243        1.00000000000000     
   3.50597711685049        1.00000000000000     
   3.49000175544382        1.00000000000000     
   3.47407996406634        1.00000000000000     
   3.45821155381129        1.00000000000000     
   3.44239633630897        1.00000000000000     
   3.42663412372474        1.00000000000000     
   3.41092472875697        1.00000000000000     
   3.39526796463493        1.00000000000000     
   3.37966364511673        1.00000000000000     
   3.36411158448721        1.00000000000000     
   3.34861159755601        1.00000000000000     
   3.33316349965532        1.00000000000000     
   3.31776710663793        1.00000000000000     
   3.30242223487513        1.00000000000000     
   3.28712870125467        1.00000000000000     
   3.27188632317871        1.00000000000000     
   3.25669491856170        1.00000000000000     
   3.24155430582848        1.00000000000000     
   3.22646430391205        1.00000000000000     
   3.21142473225162        1.00000000000000     
   3.19643541079053        1.00000000000000     
   3.18149615997423        1.00000000000000     
   3.16660680074821        1.00000000000000     
   3.15176715455604        1.00000000000000     
   3.13697704333719        1.00000000000000     
   3.12223628952509        1.00000000000000     
   3.10754471604509        1.00000000000000     
   3.09290214631238        1.00000000000000     
   3.07830840423001        1.00000000000000     
   3.06376331418680        1.00000000000000     
   3.04926670105544        1.00000000000000     
   3.03481839019028        1.00000000000000     
   3.02041820742541        1.00000000000000     
   3.00606597907265        1.00000000000000     
   2.99176153191948        1.00000000000000     
   2.97750469322705        1.00000000000000     
   2.96329529072812        1.00000000000000     
   2.94913315262515        1.00000000000000     
   2.93501810758813        1.00000000000000     
   2.92094998475268        1.00000000000000     
   2.90692861371798        1.00000000000000     
   2.89295382454479        1.00000000000000     
   2.87902544775341        1.00000000000000     
   2.86514331432176        1.00000000000000     
   2.85130725568321        1.00000000000000     
   2.83751710372471        1.00000000000000     
   2.82377269078474        1.00000000000000     
   2.81007384965131        1.00000000000000     
   2.79642041355993        1.00000000000000     
   2.78281221619163        1.00000000000000     
   2.76924909167105        1.00000000000000     
   2.75573087456425        1.00000000000000     
   2.74225739987686        1.00000000000000     
   2.72882850305206        1.00000000000000     
   2.71544401996851        1.00000000000000     
   2.70210378693844        1.00000000000000     
   2.68880764070568        1.00000000000000     
   2.67555541844354        1.00000000000000     
   2.66234695775291        1.00000000000000     
   2.64918209666028        1.00000000000000     
   2.63606067361570        1.00000000000000     
   2.62298252749081        1.00000000000000     
   2.60994749757685        1.00000000000000     
   2.59695542358274        1.00000000000000     
   2.58400614563297        1.00000000000000     
   2.57109950426570        1.00000000000000     
   2.55823534043074        1.00000000000000     
   2.54541349548760        1.00000000000000     
   2.53263381120347        1.00000000000000     
   2.51989612975123        1.00000000000000     
   2.50720029370758        1.00000000000000     
   2.49454614605088        1.00000000000000     
   2.48193353015929        1.00000000000000     
   2.46936228980877        1.00000000000000     
   2.45683226917106        1.00000000000000     
   2.44434331281173        1.00000000000000     
   2.43189526568828        1.00000000000000     
   2.41948797314799        1.00000000000000     
   2.40712128092608        1.00000000000000     
   2.39479503514368        1.00000000000000     
   2.38250908230586        1.00000000000000     
   2.37026326929965        1.00000000000000     
   2.35805744339206        1.00000000000000     
   2.34589145222818        1.00000000000000     
   2.33376514382905        1.00000000000000     
   2.32167836658983        1.00000000000000     
   2.30963096927773        1.00000000000000     
   2.29762280103009        1.00000000000000     
   2.28565371135239        1.00000000000000     
   2.27372355011623        1.00000000000000     
   2.26183216755749        1.00000000000000     
   2.24997941427419        1.00000000000000     
   2.23816514122459        1.00000000000000     
   2.22638919972525        1.00000000000000     
   2.21465144144897        1.00000000000000     
   2.20295171842289        1.00000000000000     
   2.19128988302655        1.00000000000000     
   2.17966578798975        1.00000000000000     
   2.16807928639075        1.00000000000000     
   2.15653023165420        1.00000000000000     
   2.14501847754920        1.00000000000000     
   2.13354387818733        1.00000000000000     
   2.12210628802060        1.00000000000000     
   2.11070556183964        1.00000000000000     
   2.09934155477154        1.00000000000000     
   2.08801412227796        1.00000000000000     
   2.07672312015318        1.00000000000000     
   2.06546840452206        1.00000000000000     
   2.05424983183810        1.00000000000000     
   2.04306725888144        1.00000000000000     
   2.03192054275696        1.00000000000000     
   2.02080954089217        1.00000000000000     
   2.00973411103533        1.00000000000000     
   1.99869411125342        1.00000000000000     
   1.98768939993021        1.00000000000000     
   1.97671983576421        1.00000000000000     
   1.96578527776679        1.00000000000000     
   1.95488558526008        1.00000000000000     
   1.94402061787508        1.00000000000000     
   1.93319023554962        1.00000000000000     
   1.92239429852640        1.00000000000000     
   1.91163266735103        1.00000000000000     
   1.90090520286997        1.00000000000000     
   1.89021176622867        1.00000000000000     
   1.87955221886946        1.00000000000000     
   1.86892642252959        1.00000000000000     
   1.85833423923930        1.00000000000000     
   1.84777553131979        1.00000000000000     
   1.83725016138122        1.00000000000000     
   1.82675799232073        1.00000000000000     
   1.81629888732048        1.00000000000000     
   1.80587270984562        1.00000000000000     
   1.79547932364228        1.00000000000000     
   1.78511859273563        1.00000000000000     
   1.77479038142785        1.00000000000000     
   1.76449455429612        1.00000000000000     
   1.75423097619071        1.00000000000000     
   1.74399951223285        1.00000000000000     
   1.73380002781280        1.00000000000000     
   1.72363238858789        1.00000000000000     
   1.71349646048043        1.00000000000000     
   1.70339210967578        1.00000000000000     
   1.69331920262027        1.00000000000000     
   1.68327760601934        1.00000000000000     
   1.67326718683535        1.00000000000000     
   1.66328781228568        1.00000000000000     
   1.65333934984073        1.00000000000000     
   1.64342166722184        1.00000000000000     
   1.63353463239933        1.00000000000000     
   1.62367811359052        1.00000000000000     
   1.61385197925764        1.00000000000000     
   1.60405609810584        1.00000000000000     
   1.59429033908120        1.00000000000000     
   1.58455457136871        1.00000000000000     
   1.57484866439020        1.00000000000000     
   1.56517248780237        1.00000000000000     
   1.55552591149481        1.00000000000000     
   1.54590880558784        1.00000000000000     
   1.53632104043063        1.00000000000000     
   1.52676248659908        1.00000000000000     
   1.51723301489384        1.00000000000000     
   1.50773249633825        1.00000000000000     
   1.49826080217635        1.00000000000000     
   1.48881780387082        1.00000000000000     
   1.47940337310096        1.00000000000000     
   1.47001738176063        1.00000000000000     
   1.46065970195625        1.00000000000000     
   1.45133020600473        1.00000000000000     
   1.44202876643143        1.00000000000000     
   1.43275525596822        1.00000000000000     
   1.42350954755127        1.00000000000000     
   1.41429151431912        1.00000000000000     
   1.40510102961060        1.00000000000000     
   1.39593796696281        1.00000000000000     
   1.38680220010903        1.00000000000000     
   1.37769360297669        1.00000000000000     
   1.36861204968538        1.00000000000000     
   1.35955741454467        1.00000000000000     
   1.35052957205216        1.00000000000000     
   1.34152839689138        1.00000000000000     
   1.33255376392975        1.00000000000000     
   1.32360554821652        1.00000000000000     
   1.31468362498069        1.00000000000000     
   1.30578786962899        1.00000000000000     
   1.29691815774378        1.00000000000000     
   1.28807436508099        1.00000000000000     
   1.27925636756807        1.00000000000000     
   1.27046404130189        1.00000000000000     
   1.26169726254672        1.00000000000000     
   1.25295590773216        1.00000000000000     
   1.24423985345098        1.00000000000000     
   1.23554897645716        1.00000000000000     
   1.22688315366373        1.00000000000000     
   1.21824226214076        1.00000000000000     
   1.20962617911323        1.00000000000000     
   1.20103478195897        1.00000000000000     
   1.19246794820662        1.00000000000000     
   1.18392555553346        1.00000000000000     
   1.17540748176342        1.00000000000000     
   1.16691360486492        1.00000000000000     
   1.15844380294884        1.00000000000000     
   1.14999795426641        1.00000000000000     
   1.14157593720710        1.00000000000000     
   1.13317763029660        1.00000000000000     
   1.12480291219466        1.00000000000000     
   1.11645166169301        1.00000000000000     
   1.10812375771330        1.00000000000000     
   1.09981907930498        1.00000000000000     
   1.09153750564320        1.00000000000000     
   1.08327891602677        1.00000000000000     
   1.07504318987598        1.00000000000000     
   1.06683020673055        1.00000000000000     
   1.05863984624752        1.00000000000000     
   1.05047198819918        1.00000000000000     
   1.04232651247092        1.00000000000000     
   1.03420329905914        1.00000000000000     
   1.02610222806922        1.00000000000000     
   1.01802317971332        1.00000000000000     
   1.00996603430831        1.00000000000000     
   1.00193067227368        1.00000000000000     
  0.993916974129456        1.00000000000000     
  0.985924820494020        1.00000000000000     
  0.977954092082119        1.00000000000000     
  0.970004669702647        1.00000000000000     
  0.962076434256602        1.00000000000000     
  0.954169266734967        1.00000000000000     
  0.946283048216607        1.00000000000000     
  0.938417659866156        1.00000000000000     
  0.930572982931902        1.00000000000000     
  0.922748898743743        1.00000000000000     
  0.914945288710987        1.00000000000000     
  0.907162034320305        1.00000000000000     
  0.899399017133617        1.00000000000000     
  0.891656118785984        1.00000000000000     
  0.883933220983505        1.00000000000000     
  0.876230205501197        1.00000000000000     
  0.868546954180954        1.00000000000000     
  0.860883348929353        1.00000000000000     
  0.853239271715615        1.00000000000000     
  0.845614604569487        1.00000000000000     
  0.838009229579146        1.00000000000000     
  0.830423028889084        1.00000000000000     
  0.822855884698071        1.00000000000000     
  0.815307679256970        1.00000000000000     
  0.807778294866702        1.00000000000000     
  0.800267613876144        1.00000000000000     
  0.792775518680031        1.00000000000000     
  0.785301891716871        1.00000000000000     
  0.777846615466847        1.00000000000000     
  0.770409572449781        1.00000000000000     
  0.762990645222978        1.00000000000000     
  0.755589716379190        1.00000000000000     
  0.748206668544537        1.00000000000000     
  0.740841384376423        1.00000000000000     
  0.733493746561467        1.00000000000000     
  0.726163637813424        1.00000000000000     
  0.718850940871170        1.00000000000000     
  0.711555538496556        1.00000000000000     
  0.704277313472410        1.00000000000000     
  0.697016148600462        1.00000000000000     
  0.689771926699295        1.00000000000000     
  0.682544530602285        1.00000000000000     
  0.675333843155609        1.00000000000000     
  0.668139747216128        1.00000000000000     
  0.660962125649403        1.00000000000000     
  0.653800861327657        1.00000000000000     
  0.646655837127742        1.00000000000000     
  0.639526935929129        1.00000000000000     
  0.632414040611873        1.00000000000000     
  0.625317034054664        1.00000000000000     
  0.618235799132734        1.00000000000000     
  0.611170218715927        1.00000000000000     
  0.604120175666684        1.00000000000000     
  0.597085552838061        1.00000000000000     
  0.590066233071758        1.00000000000000     
  0.583062099196127        1.00000000000000     
  0.576073034024264        1.00000000000000     
  0.569098920351979        1.00000000000000     
  0.562139640955894        1.00000000000000     
  0.555195078591490        1.00000000000000     
  0.548265115991181        1.00000000000000     
  0.541349635862374        1.00000000000000     
  0.534448520885604        1.00000000000000     
  0.527561653712556        1.00000000000000     
  0.520688916964219        1.00000000000000     
  0.513830193228981        1.00000000000000     
  0.506985365060766        1.00000000000000     
  0.500154314977157        1.00000000000000     
  0.493336925457528        1.00000000000000     
  0.486533078941264        1.00000000000000     
  0.479742657825836        1.00000000000000     
  0.472965544465040        1.00000000000000     
  0.466201621167176        1.00000000000000     
  0.459450770193245        1.00000000000000     
  0.452712873755160        1.00000000000000     
  0.445987814014026        1.00000000000000     
  0.439275473078302        1.00000000000000     
  0.432575733002110        1.00000000000000     
  0.425888475783500        1.00000000000000     
  0.419213583362731        1.00000000000000     
  0.412550937620575        1.00000000000000     
  0.405900420376620        1.00000000000000     
  0.399261913387656        1.00000000000000     
  0.392635298345946        1.00000000000000     
  0.386020456877648        1.00000000000000     
  0.379417270541184        1.00000000000000     
  0.372825620825641        1.00000000000000     
  0.366245389149196        1.00000000000000     
  0.359676456857541        1.00000000000000     
  0.353118705222389        1.00000000000000     
  0.346572015439883        1.00000000000000     
  0.340036268629145        1.00000000000000     
  0.333511345830780        1.00000000000000     
  0.326997128005423        1.00000000000000     
  0.320493496032284        1.00000000000000     
  0.314000330707793        1.00000000000000     
  0.307517512744132        1.00000000000000     
  0.301044922767916        1.00000000000000     
  0.294582441318839        1.00000000000000     
  0.288129948848364        1.00000000000000     
  0.281687325718424        1.00000000000000     
  0.275254452200150        1.00000000000000     
  0.268831208472682        1.00000000000000     
  0.262417474621885        1.00000000000000     
  0.256013130639214        1.00000000000000     
  0.249618056420555        1.00000000000000     
  0.243232131765094        1.00000000000000     
  0.236855236374235        1.00000000000000     
  0.230487249850516        1.00000000000000     
  0.224128051696638        1.00000000000000     
  0.217777521314387        1.00000000000000     
  0.211435538003726        1.00000000000000     
  0.205101980961850        1.00000000000000     
  0.198776729282296        1.00000000000000     
  0.192459661954067        1.00000000000000     
  0.186150657860868        1.00000000000000     
  0.179849595780242        1.00000000000000     
  0.173556354382878        1.00000000000000     
  0.167270812231890        1.00000000000000     
  0.160992847782156        1.00000000000000     
  0.154722339379688        1.00000000000000     
  0.148459165261044        1.00000000000000     
  0.142203203552832        1.00000000000000     
  0.135954332271145        1.00000000000000     
  0.129712429321160        1.00000000000000     
  0.123477372496721        1.00000000000000     
  0.117249039479983        1.00000000000000     
  0.111027307841101        1.00000000000000     
  0.104812055037965        1.00000000000000     
  9.860315841603073E-002   1.00000000000000     
  9.240049520809634E-002   1.00000000000000     
  8.620394253424268E-002   1.00000000000000     
  8.001337740177172E-002   1.00000000000000     
  7.382867670520943E-002   1.00000000000000     
  6.764971722635371E-002   1.00000000000000     
  6.147637563443964E-002   1.00000000000000     
  5.530852848624601E-002   1.00000000000000     
  4.914605222637380E-002   1.00000000000000     
  4.298882318753727E-002   1.00000000000000     
  3.683671759091944E-002   1.00000000000000     
  3.068961154659844E-002   1.00000000000000     
  2.454738105402265E-002   1.00000000000000     
  1.840990200261561E-002   1.00000000000000     
  1.227705017232550E-002   1.00000000000000     
  6.148701234368392E-003   1.00000000000000     
  2.473075198250463E-005   1.00000000000000     
  0                        1