   29.9634073708752       7.676286724351661E-002
   29.9111126657826       0.186148473344729     
   29.8589024671848       0.295357315964321     
   29.8067766474910       0.404389661985568     
   29.7547350792826       0.513245777931948     
   29.7027776353131       0.517027025361569     
   29.6509041885071       0.510300745206484     
   29.5991146119617       0.503585340266053     
   29.5474087789449       0.496880794107320     
   29.4957865628963       0.490031471360314     
   29.4442478374259       0.481445063818667     
   29.3927924763153       0.472872544869732     
   29.3414203535165       0.464313893513796     
   29.2901313431516       0.455769088779453     
   29.2389253195134       0.447782379051943     
   29.1878021570648       0.441777671762268     
   29.1367617304388       0.435782682267284     
   29.0858039144373       0.429797395861774     
   29.0349285840325       0.423821797860512     
   28.9841356143659       0.417565394985090     
   28.9334248807481       0.410680610810884     
   28.8827962586582       0.403806974575339     
   28.8322496237447       0.396944469395770     
   28.7817848518244       0.390093078412355     
   28.7314018188830       0.383078022807351     
   28.6811004010734       0.375776141172150     
   28.6308804747175       0.368486089043448     
   28.5807419163047       0.361207848492141     
   28.5306846024922       0.353941401613486     
   28.4807084101044       0.347422444888591     
   28.4308132161333       0.342082361467459     
   28.3809988977378       0.336750933836322     
   28.3312653322442       0.331428148865885     
   28.2816123971446       0.326113993444636     
   28.2320399700984       0.320450728358424     
   28.1825479289314       0.314168015132859     
   28.1331361516354       0.307895490916923     
   28.0838045163678       0.301633140243439     
   28.0345529014524       0.295380947666353     
   27.9853811853784       0.289300575549616     
   27.9362892468006       0.283611588593232     
   27.8872769645387       0.277931832556522     
   27.8383442175778       0.272261293415761     
   27.7894908850677       0.266599957166314     
   27.7407168463232       0.261039165713396     
   27.6920219808231       0.255875401449598     
   27.6434061682111       0.250720020214974     
   27.5948692882946       0.245573009263923     
   27.5464112210455       0.240434355868253     
   27.4980318465987       0.235314244081787     
   27.4497310452534       0.230442508290949     
   27.4015086974720       0.225578685516547     
   27.3533646838802       0.220722763718210     
   27.3052988852663       0.215874730871956     
   27.2573111825821       0.211034574970287     
   27.2094014569418       0.205792494059819     
   27.1615695896222       0.200485255043176     
   27.1138154620621       0.195186641729595     
   27.0661389558627       0.189896640982019     
   27.0185399527873       0.184615239681343     
   26.9710183347608       0.180074576429148     
   26.9235739838694       0.176008901554845     
   26.8762067823613       0.171949837885099     
   26.8289166126455       0.167897375343131     
   26.7817033572923       0.163851503865976     
   26.7345668990324       0.159967251127260     
   26.6875071207578       0.156407284391864     
   26.6405239055205       0.152853109478622     
   26.5936171365334       0.149304717552837     
   26.5467866971687       0.145762099791883     
   26.5000324709592       0.142225247385277     
   26.4533543415973       0.138516681994246     
   26.4067521929351       0.134814029911358     
   26.3602259089837       0.131117405461045     
   26.3137753739139       0.127426799440400     
   26.2674004720553       0.123742202659141     
   26.2211010878967       0.120697002380459     
   26.1748771060849       0.118037517932419     
   26.1287284114259       0.115382365110605     
   26.0826548888837       0.112731537296456     
   26.0366564235807       0.110085027880518     
   25.9907329007968       0.107171757386869     
   25.9448842059700       0.103192740069486     
   25.8991102246961       9.922020683025477E-002
   25.8534108427281       9.525414775417167E-002
   25.8077859459761       9.129455293983302E-002
   25.7622354205075       8.734141249951299E-002
   25.7167591525466       8.571522175721387E-002
   25.6713570284744       8.494443033996593E-002
   25.6260289348282       8.417489573653661E-002
   25.5807747583020       8.340661602333123E-002
   25.5355943857457       8.263958927940393E-002
   25.4904877041656       8.136150333209831E-002
   25.4454546007232       7.817159797203038E-002
   25.4004949627362       7.498689651379960E-002
   25.3556086776774       7.180739098658986E-002
   25.3107956331753       6.863307343059652E-002
   25.2660557170129       6.546393589696391E-002
   25.2213888171288       6.358516374519546E-002
   25.1767948216158       6.242949194307572E-002
   25.1322736187218       6.127570659172599E-002
   25.0878250968485       6.012380479902980E-002
   25.0434491445523       5.897378367688068E-002
   24.9991456505435       5.782085335745463E-002
   24.9549145036864       5.642675451432001E-002
   24.9107555929985       5.503493244597112E-002
   24.8666688076513       5.364538365926268E-002
   24.8226540369695       5.225810466587658E-002
   24.7787111704312       5.087309198232772E-002
   24.7348400976669       4.980575751102244E-002
   24.6910407084604       4.933655263865766E-002
   24.6473128927481       4.886811450374681E-002
   24.6036565406187       4.840044192885781E-002
   24.5600715423131       4.793353373818411E-002
   24.5165577882244       4.746738875755430E-002
   24.4731151688979       4.697023781305146E-002
   24.4297435750305       4.645436643356685E-002
   24.3864428974703       4.593933854840528E-002
   24.3432130272172       4.542515286109625E-002
   24.3000538554224       4.491180807696641E-002
   24.2569652733880       4.439930290314024E-002
   24.2139471725667       4.400767576102309E-002
   24.1709994445624       4.363984256903095E-002
   24.1281219811292       4.327261117002537E-002
   24.0853146741720       4.290598063820603E-002
   24.0425774157452       4.253995004905450E-002
   23.9999100980537       4.217647818680349E-002
   23.9573126134522       4.274019645156639E-002
   23.9147848544447       4.330299199539329E-002
   23.8723267136851       4.386486623885988E-002
   23.8299380839765       4.442582060056807E-002
   23.7876188582713       4.498585649714389E-002
   23.7453689296702       4.556901288582313E-002
   23.7031881914235       4.634615496123980E-002
   23.6610765369297       4.712202423078952E-002
   23.6190338597360       4.789662265576894E-002
   23.5770600535374       4.866995219475240E-002
   23.5351550121775       4.944201480357605E-002
   23.4933186296476       5.015906166715334E-002
   23.4515508000869       5.059257943642417E-002
   23.4098514177819       5.102538677611576E-002
   23.3682203771668       5.145748478191906E-002
   23.3266575728230       5.188887454799813E-002
   23.2851628994789       5.231955716698918E-002
   23.2437362520096       5.283491588883300E-002
   23.2023775254372       5.382795495605786E-002
   23.1610866149304       5.481936573324458E-002
   23.1198634158043       5.580915073391744E-002
   23.0787078235197       5.679731246810209E-002
   23.0376197336840       5.778385344230581E-002
   22.9965990420502       5.884151762850098E-002
   22.9556456445174       6.070075729298467E-002
   22.9147594371295       6.255694659803514E-002
   22.8739403160763       6.441009025652183E-002
   22.8331881776927       6.626019297472963E-002
   22.7925029184587       6.810725945235356E-002
   22.7518844349986       6.995129438253291E-002
   22.7113326240822       7.110202913649190E-002
   22.6708473826231       7.221728995806685E-002
   22.6304286076798       7.333071980375183E-002
   22.5900761964544       7.444232150535599E-002
   22.5497900462935       7.555209789070960E-002
   22.5095700546871       7.666005178368493E-002
   22.4694161192694       7.883159128528336E-002
   22.4293281378174       8.133239418765470E-002
   22.3893060082520       8.382908906106115E-002
   22.3493496286368       8.632168226457332E-002
   22.3094588971790       8.881018014833131E-002
   22.2696337122278       9.129458905359655E-002
   22.2298739722757       9.347893220720993E-002
   22.1901795759572       9.537141713772504E-002
   22.1505504220498       9.726079154657966E-002
   22.1109864094722       9.914706025295519E-002
   22.0714874372857       0.101030228069242     
   22.0320534046932       0.102910299801080     
   21.9926842110396       0.104889208792077     
   21.9533797558106       0.107310719132522     
   21.9141399386336       0.109728247183669     
   21.8749646592771       0.112141799120685     
   21.8358538176509       0.114551381110047     
   21.7968073138047       0.116956999309582     
   21.7578250479296       0.119358659868427     
   21.7189069203569       0.121209327905890     
   21.6800528315586       0.122919506031241     
   21.6412626821459       0.124626869839176     
   21.6025363728708       0.126331423698141     
   21.5638738046248       0.128033171970434     
   21.5252748784392       0.129732119012202     
   21.4867394954843       0.131908690395760     
   21.4482675570702       0.134995866457313     
   21.4098589646460       0.138077959327543     
   21.3715136197998       0.141154976903499     
   21.3332314242582       0.144226927071122     
   21.2950122798866       0.147293817705196     
   21.2568560886892       0.150355656669403     
   21.2187627528082       0.152730157486016     
   21.1807321745237       0.154951240132361     
   21.1427642562543       0.157168663274216     
   21.1048589005560       0.159382432602550     
   21.0670160101228       0.161592553800285     
   21.0292354877858       0.163799032542337     
   20.9915172365136       0.166087471034932     
   20.9538611594120       0.168666655895073     
   20.9162671597239       0.171241588875111     
   20.8787351408286       0.173812276592904     
   20.8412650062425       0.176378725656927     
   20.8038566596182       0.178940942666311     
   20.7665100047449       0.181498934210841     
   20.7292249455477       0.184012511885662     
   20.6920013860878       0.186490053146909     
   20.6548392305623       0.188963507459369     
   20.6177383833042       0.191432881190494     
   20.5806987487814       0.193898180698744     
   20.5437202315977       0.196359412333541     
   20.5068027364918       0.198816582435320     
   20.4699461683378       0.201257538491705     
   20.4331504321441       0.203691718104504     
   20.3964154330542       0.206121879724046     
   20.3597410763461       0.208548029616561     
   20.3231272674323       0.210970174039377     
   20.2865739118589       0.213388319240973     
   20.2500809153068       0.215802471460932     
   20.2136481835904       0.218563015981596     
   20.1772756226581       0.221319779920498     
   20.1409631385915       0.224071990489154     
   20.1047106376058       0.226819654795731     
   20.0685180260495       0.229562779938304     
   20.0323852104042       0.232301373004852     
   19.9963120972843       0.234960825529248     
   19.9602985934369       0.236961731939477     
   19.9243446057420       0.238959331638661     
   19.8884500412120       0.240953629793180     
   19.8526148069912       0.242944631562087     
   19.8168388103563       0.244932342097072     
   19.7811219587160       0.246916766542501     
   19.7454641596110       0.248995840380668     
   19.7098653207129       0.251742299157413     
   19.6743253498255       0.254484216253313     
   19.6388441548840       0.257221598771203     
   19.6034216439539       0.259954453803827     
   19.5680577252326       0.262682788433795     
   19.5327523070480       0.265406609733629     
   19.4975052978587       0.268068066333559     
   19.4623166062536       0.269966767675735     
   19.4271861409525       0.271862327259685     
   19.3921138108048       0.273754750003672     
   19.3570995247907       0.275644040818932     
   19.3221431920193       0.277530204609716     
   19.2872447217303       0.279413246273252     
   19.2524040232926       0.281293170699784     
   19.2176210062047       0.283288816321921     
   19.1828955800940       0.285289966064674     
   19.1482276547173       0.287287802166905     
   19.1136171399603       0.289282329821702     
   19.0790639458377       0.291273554214726     
   19.0445679824922       0.293261480524247     
   19.0101291601955       0.295246113921111     
   18.9757473893476       0.297029413926922     
   18.9414225804766       0.298727182257644     
   18.9071546442383       0.300422137563099     
   18.8729434914167       0.302114284256073     
   18.8387890329234       0.303803626743042     
   18.8046911797977       0.305490169424172     
   18.7706498432057       0.307173916693343     
   18.7366649344413       0.308877259969936     
   18.7027363649253       0.310612389168984     
   18.6688640462054       0.312344641665588     
   18.6350478899559       0.314074021976787     
   18.6012878079778       0.315800534613128     
   18.5675837121987       0.317524184078700     
   18.5339355146723       0.319244974871124     
   18.5003431275784       0.320962911481592     
   18.4668064632229       0.322209975611315     
   18.4333254340374       0.323450140931860     
   18.3998999525795       0.324688248718124     
   18.3665299315316       0.325924302204418     
   18.3332152837022       0.327158304620394     
   18.2999559220245       0.328390259191073     
   18.2667517595573       0.329620169136838     
   18.2336027094834       0.330804107529776     
   18.2005086851112       0.331941275339405     
   18.1674695998733       0.333076555345535     
   18.1344853673268       0.334209950518491     
   18.1015559011530       0.335341463824339     
   18.0686811151573       0.336471098224867     
   18.0358609232692       0.337598856677608     
   18.0030952395421       0.338724742135837     
   17.9703839781526       0.339780548418372     
   17.9377270534014       0.340827484048446     
   17.9051243797122       0.341872680464855     
   17.8725758716321       0.342916140407101     
   17.8400814438308       0.343957866610752     
   17.8076410111015       0.344997861807424     
   17.7752544883598       0.346036128724802     
   17.7429217906441       0.346966536691577     
   17.7106428331148       0.347517352106279     
   17.6784175310552       0.348067251931943     
   17.6462457998702       0.348616237612112     
   17.6141275550872       0.349164310588250     
   17.5820627123549       0.349711472299746     
   17.5500511874440       0.350257724183906     
   17.5180928962466       0.350803067675967     
   17.4861877547765       0.351320784918498     
   17.4543356791681       0.351802699231466     
   17.4225365856774       0.352283811937619     
   17.3907903906813       0.352764124302158     
   17.3590970106772       0.353243637588453     
   17.3274563622833       0.353722353058054     
   17.2958683622382       0.354200271970684     
   17.2643329274009       0.354677395584248     
   17.2328499747507       0.354957060120114     
   17.2014194213864       0.355072172309100     
   17.1700411845273       0.355187092892568     
   17.1387151815120       0.355301822173261     
   17.1074413297992       0.355416360453480     
   17.0762195469661       0.355530708035093     
   17.0450497507101       0.355644865219527     
   17.0139318588472       0.355758832307775     
   16.9828657893128       0.355832683690192     
   16.9518514601604       0.355874002309384     
   16.9208887895630       0.355915252106833     
   16.8899776958116       0.355956433191396     
   16.8591180973159       0.355997545671772     
   16.8283099126034       0.356038589656501     
   16.7975530603202       0.356079565253966     
   16.7668474592300       0.356120472572395     
   16.7361930282145       0.356028915561742     
   16.7055896862727       0.355776228749552     
   16.6750373525214       0.355523963103688     
   16.6445359461947       0.355272117957278     
   16.6140853866440       0.355020692644418     
   16.5836855933372       0.354769686500171     
   16.5533364858599       0.354519098860565     
   16.5230379839138       0.354268929062592     
   16.4927900073176       0.353990715174307     
   16.4625924760063       0.353622175057603     
   16.4324453100311       0.353254249615215     
   16.4023484295596       0.352886937872840     
   16.3723017548755       0.352520238857597     
   16.3423052063778       0.352154151598011     
   16.3123587045819       0.351788675124026     
   16.2824621701184       0.351423808466993     
   16.2526155237336       0.351059550659676     
   16.2228186862886       0.350532014991083     
   16.1930715787602       0.349989616164374     
   16.1633741222398       0.349448122657569     
   16.1337262379341       0.348907533033975     
   16.1041278471639       0.348367845858982     
   16.0745788713651       0.347829059700077     
   16.0450792320877       0.347291173126833     
   16.0156288509960       0.346754184710899     
   15.9862276498685       0.346114946843079     
   15.9568755505977       0.345359921824918     
   15.9275724751901       0.344606157849207     
   15.8983183457654       0.343853652912629     
   15.8691130845573       0.343102405014798     
   15.8399566139126       0.342352412158243     
   15.8108488562919       0.341603672348408     
   15.7817897342680       0.340856183593637     
   15.7527791705275       0.340109943905191     
   15.7238170878694       0.339350532108832     
   15.6949034092057       0.338590861549907     
   15.6660380575605       0.337832460722640     
   15.6372209560707       0.337075327607549     
   15.6084520279852       0.336319460188097     
   15.5797311966652       0.335564856450697     
   15.5510583855837       0.334811514384693     
   15.5224335183255       0.334059431982378     
   15.4938565185873       0.333250570861152     
   15.4653273101774       0.332231491409758     
   15.4368458170149       0.331214116373977     
   15.4084119631309       0.330198443040150     
   15.3800256726671       0.329184468698581     
   15.3516868698766       0.328172190643544     
   15.3233954791227       0.327161606173259     
   15.2951514248800       0.326152712589911     
   15.2669546317334       0.325145507199631     
   15.2388050243783       0.324129950487105     
   15.2107025276200       0.323100918198968     
   15.1826470663745       0.322073608215494     
   15.1546385656673       0.321048017791341     
   15.1266769506340       0.320024144185190     
   15.0987621465197       0.319001984659731     
   15.0708940786793       0.317981536481674     
   15.0430726725769       0.316962796921733     
   15.0152978537862       0.315945763254626     
   14.9875695479894       0.314912507554516     
   14.9598876809783       0.313858959163653     
   14.9322521786533       0.312807175373439     
   14.9046629670238       0.311757153367849     
   14.8771199722072       0.310708890334978     
   14.8496231204298       0.309662383467062     
   14.8221723380261       0.308617629960452     
   14.7947675514388       0.307574627015622     
   14.7674086872184       0.306533371837142     
   14.7400956720234       0.305513722132475     
   14.7128284326202       0.304530631322216     
   14.6856068958826       0.303549188272113     
   14.6584309887919       0.302569390349549     
   14.6313006384367       0.301591234925788     
   14.6042157720129       0.300614719375953     
   14.5771763168234       0.299639841079032     
   14.5501822002779       0.298666597417856     
   14.5232333498929       0.297694985779115     
   14.4963296932916       0.296716860545841     
   14.4694711582039       0.295688916305532     
   14.4426576724655       0.294662696218049     
   14.4158891640188       0.293638197525562     
   14.3891655609120       0.292615417474299     
   14.3624867912996       0.291594353314544     
   14.3358527834414       0.290575002300621     
   14.3092634657033       0.289557361690908     
   14.2827187665564       0.288541428747820     
   14.2562186145777       0.287527200737807     
   14.2297629384487       0.286592136481592     
   14.2033516669566       0.285682404772504     
   14.1769847289935       0.284774200124203     
   14.1506620535562       0.283867520091003     
   14.1243835697462       0.282962362230811     
   14.0981492067697       0.282058724105150     
   14.0719588939374       0.281156603279135     
   14.0458125606641       0.280255997321477     
   14.0197101364688       0.279356903804465     
   13.9936515509746       0.278515719852950     
   13.9676367339085       0.277850759287513     
   13.9416656151014       0.277186915686263     
   13.9157381244875       0.276524187258258     
   13.8898541921046       0.275862572215210     
   13.8640137480940       0.275202068771469     
   13.8382167227003       0.274542675144029     
   13.8124630462708       0.273884389552506     
   13.7867526492560       0.273227210219161     
   13.7610854622092       0.272571135368876     
   13.7354614157865       0.272028273289689     
   13.7098804407463       0.271571662334034     
   13.6843424679494       0.271115818952541     
   13.6588474283592       0.270660741912929     
   13.6333952530412       0.270206429984740     
   13.6079858731623       0.269752881939335     
   13.5826192199921       0.269300096549897     
   13.5572952249015       0.268848072591424     
   13.5320138193632       0.268396808840727     
   13.5067749349511       0.267946304076427     
   13.4815785033406       0.267667156222774     
   13.4564244563085       0.267451114213175     
   13.4313127257326       0.267235435649355     
   13.4062432435913       0.267020119947094     
   13.3812159419641       0.266805166523040     
   13.3562307530313       0.266590574794704     
   13.3312876090737       0.266376344180463     
   13.3063864424721       0.266162474099553     
   13.2815271857081       0.265948963972074     
   13.2567097713632       0.265735813218985     
   13.2319341321192       0.265859855089301     
   13.2072002007572       0.266108579642577     
   13.1825079101586       0.266356885456100     
   13.1578571933043       0.266604773203817     
   13.1332479832747       0.266852243558671     
   13.1086802132493       0.267099297192609     
   13.0841538165072       0.267345934776577     
   13.0596687264263       0.267592156980525     
   13.0352248764839       0.267837964473410     
   13.0108222002556       0.268083357923193     
   12.9864606314159       0.268602665428700     
   12.9621401037383       0.269340002293060     
   12.9378605510940       0.270076096898082     
   12.9136219074531       0.270810951245627     
   12.8894241068837       0.271544567334586     
   12.8652670835519       0.272276947160869     
   12.8411507717218       0.273008092717430     
   12.8170751057553       0.273738005994248     
   12.7930400201119       0.274466688978343     
   12.7690454493489       0.275194143653776     
   12.7450913281204       0.276024297909277     
   12.7211775911785       0.277255601142501     
   12.6973041733720       0.278484828368869     
   12.6734710096471       0.279711982937969     
   12.6496780350462       0.280937068194414     
   12.6259251847092       0.282160087477817     
   12.6022123938724       0.283381044122825     
   12.5785395978685       0.284599941459107     
   12.5549067321265       0.285816782811386     
   12.5313137321719       0.287031571499414     
   12.5077605336262       0.288244310838000     
   12.4842470722071       0.289941451028675     
   12.4607732837276       0.291874966938172     
   12.4373391040971       0.293805220300611     
   12.4139444693202       0.295732216387228     
   12.3905893154973       0.297655960461385     
   12.3672735788237       0.299576457778615     
   12.3439971955904       0.301493713586581     
   12.3207601021833       0.303407733125122     
   12.2975622350832       0.305318521626247     
   12.2744035308658       0.307226084314172     
   12.2512839262017       0.309130426405290     
   12.2282033578558       0.311818604121178     
   12.2051617626878       0.314548525433488     
   12.1821590776514       0.317273836752581     
   12.1591952397947       0.319994545536862     
   12.1362701862599       0.322710659233598     
   12.1133838542833       0.325422185278914     
   12.0905361811945       0.328129131097848     
   12.0677271044175       0.330831504104304     
   12.0449565614695       0.333529311701107     
   12.0222244899613       0.336222561279999     
   11.9995308275968       0.338926517954977     
   11.9768755121734       0.342347436400666     
   11.9542584815814       0.345762573894571     
   11.9316796738044       0.349171939801101     
   11.9091390269182       0.352575543470687     
   11.8866364790918       0.355973394239720     
   11.8641719685868       0.359365501430628     
   11.8417454337571       0.362751874351857     
   11.8193568130489       0.366132522297957     
   11.7970060450006       0.369507454549509     
   11.7746930682429       0.372876680373205     
   11.7524178214985       0.376240209021835     
   11.7301802435814       0.380542158699627     
   11.7079802733980       0.384951810532794     
   11.6858178499459       0.389354004337364     
   11.6636929123143       0.393748752212234     
   11.6416053996836       0.398136066238213     
   11.6195552513256       0.402515958477930     
   11.5975424066032       0.406888440975944     
   11.5755668049702       0.411253525758721     
   11.5536283859712       0.415611224834733     
   11.5317270892416       0.419961550194378     
   11.5098628545075       0.424304513810072     
   11.4880356215854       0.429109385218336     
   11.4662453303820       0.434292303113457     
   11.4444919208946       0.439466448528041     
   11.4227753332103       0.444631835712611     
   11.4010955075064       0.449788478896257     
   11.3794523840500       0.454936392286758     
   11.3578459031979       0.460075590070481     
   11.3362760053966       0.465206086412495     
   11.3147426311822       0.470327895456559     
   11.2932457211799       0.475441031325228     
   11.2717852161045       0.480545508119766     
   11.2503610567597       0.485641339920254     
   11.2289731840385       0.491801525151446     
   11.2076215389224       0.497969669299940     
   11.1863060624821       0.504127364904335     
   11.1650266958767       0.510274628962793     
   11.1437833803539       0.516411478447868     
   11.1225760572499       0.522537930306647     
   11.1014046679891       0.528654001460632     
   11.0802691540841       0.534759708805883     
   11.0591694571357       0.540855069212984     
   11.0381055188325       0.546940099527197     
   11.0170772809508       0.553014816568338     
   10.9960846853549       0.559295799411473     
   10.9751276739965       0.566509105896270     
   10.9542061889148       0.573710184400798     
   10.9333201722363       0.580899054844805     
   10.9124695661747       0.588075737118050     
   10.8916543130311       0.595240251080280     
   10.8708743551931       0.602392616561386     
   10.8501296351356       0.609532853361277     
   10.8294200954199       0.616660981250034     
   10.8087456786942       0.623777019967887     
   10.7881063276931       0.630880989225379     
   10.7675019852375       0.637972908703231     
   10.7469325942347       0.645187839773175     
   10.7263980976783       0.653159744349163     
   10.7058984386476       0.661118124297006     
   10.6854335603079       0.669063001681019     
   10.6650034059105       0.676994398532231     
   10.6446079187924       0.684912336848380     
   10.6242470423757       0.692816838594084     
   10.6039207201685       0.700707925700688     
   10.5836288957639       0.708585620066440     
   10.5633715128405       0.716449943556481     
   10.5431485151616       0.724300918003007     
   10.5229598465758       0.732138565205129     
   10.5028054510165       0.739962906929017     
   10.4826852725017       0.748699835517151     
   10.4625992551342       0.757571691273707     
   10.4425473431013       0.766428482938512     
   10.4225294806746       0.775270235126363     
   10.4025456122099       0.784096972414937     
   10.3825956821474       0.792908719344631     
   10.3626796350112       0.801705500418755     
   10.3427974154095       0.810487340103509     
   10.3229489680339       0.819254262828183     
   10.3031342376603       0.828006292984987     
   10.2833531691476       0.836743454929254     
   10.2636057074386       0.845465772979410     
   10.2438917975591       0.854491032304068     
   10.2242113846185       0.864207549750297     
   10.2045644138091       0.873907556310701     
   10.1849508304062       0.883591079003627     
   10.1653705797681       0.893258144806614     
   10.1458236073358       0.902908780656217     
   10.1263098586329       0.912543013448213     
   10.1068292792659       0.922160870037592     
   10.0873818149232       0.931762377238752     
   10.0679674113758       0.941347561825343     
   10.0485860144770       0.950916450530462     
   10.0292375701621       0.960469070046638     
   10.0099220244483       0.970005447026037     
   9.99063932343467       0.979966550013047     
   9.97138941330218       0.990377303666674     
   9.95217224031339        1.00077035238890     
   9.93298775081218        1.01114572519807     
   9.91383589122407        1.02150345106840     
   9.89471660805580        1.03184355893014     
   9.87562984789536        1.04216607766963     
   9.85657555741160        1.05247103612948     
   9.83755368335454        1.06275846310838     
   9.81856417255497        1.07302838736135     
   9.79960697192449        1.08328083759971     
   9.78068202845509        1.09351584249130     
   9.76178928921948        1.10373343066031     
   9.74292870137072        1.11424761950668     
   9.72410021214220        1.12526650651853     
   9.70530376884725        1.13626663947544     
   9.68653931887951        1.14724804916394     
   9.66780680971246        1.15821076632381     
   9.64910618889951        1.16000000000000     
   9.63043740407357        1.16000000000000     
   9.61180040294734        1.16000000000000     
   9.59319513331302        1.16000000000000     
   9.57462154304218        1.16000000000000     
   9.55607958008554        1.16000000000000     
   9.53756919247314        1.16000000000000     
   9.51909032831401        1.16000000000000     
   9.50064293579622        1.16000000000000     
   9.48222696318643        1.16000000000000     
   9.46384235883026        1.16000000000000     
   9.44548907115186        1.16000000000000     
   9.42716704865394        1.16000000000000     
   9.40887623991740        1.16000000000000     
   9.39061659360164        1.16000000000000     
   9.37238805844413        1.16000000000000     
   9.35419058326051        1.16000000000000     
   9.33602411694413        1.16000000000000     
   9.31788860846640        1.16000000000000     
   9.29978400687639        1.16000000000000     
   9.28171026130087        1.16000000000000     
   9.26366732094389        1.16000000000000     
   9.24565513508715        1.16000000000000     
   9.22767365308953        1.16000000000000     
   9.20972282438719        1.16000000000000     
   9.19180259849316        1.16000000000000     
   9.17391292499762        1.16000000000000     
   9.15605375356757        1.16000000000000     
   9.13822503394680        1.16000000000000     
   9.12042671595554        1.16000000000000     
   9.10265874949079        1.16000000000000     
   9.08492108452587        1.16000000000000     
   9.06721367111048        1.16000000000000     
   9.04953645937035        1.16000000000000     
   9.03188939950750        1.16000000000000     
   9.01427244179987        1.16000000000000     
   8.99668553660136        1.16000000000000     
   8.97912863434145        1.16000000000000     
   8.96160168552546        1.16000000000000     
   8.94410464073425        1.16000000000000     
   8.92663745062416        1.16000000000000     
   8.90920006592669        1.16000000000000     
   8.89179243744881        1.16000000000000     
   8.87441451607251        1.16000000000000     
   8.85706625275489        1.16000000000000     
   8.83974759852779        1.16000000000000     
   8.82245850449803        1.16000000000000     
   8.80519892184710        1.16000000000000     
   8.78796880183113        1.16000000000000     
   8.77076809578056        1.16000000000000     
   8.75359675510041        1.16000000000000     
   8.73645473126993        1.16000000000000     
   8.71934197584258        1.16000000000000     
   8.70225844044573        1.16000000000000     
   8.68520407678088        1.16000000000000     
   8.66817883662334        1.16000000000000     
   8.65118267182224        1.16000000000000     
   8.63421553430014        1.16000000000000     
   8.61727737605336        1.16000000000000     
   8.60036814915158        1.16000000000000     
   8.58348780573789        1.16000000000000     
   8.56663629802839        1.16000000000000     
   8.54981357831251        1.16000000000000     
   8.53301959895263        1.16000000000000     
   8.51625431238412        1.16000000000000     
   8.49951767111494        1.16000000000000     
   8.48280962772597        1.16000000000000     
   8.46613013487066        1.16000000000000     
   8.44947914527479        1.16000000000000     
   8.43285661173671        1.16000000000000     
   8.41626248712701        1.16000000000000     
   8.39969672438849        1.16000000000000     
   8.38315927653587        1.16000000000000     
   8.36665009665603        1.16000000000000     
   8.35016913790765        1.16000000000000     
   8.33371635352126        1.16000000000000     
   8.31729169679883        1.16000000000000     
   8.30089512111411        1.16000000000000     
   8.28452657991224        1.16000000000000     
   8.26818602670979        1.16000000000000     
   8.25187341509436        1.16000000000000     
   8.23558869872492        1.16000000000000     
   8.21933183133141        1.16000000000000     
   8.20310276671479        1.16000000000000     
   8.18690145874664        1.16000000000000     
   8.17072786136952        1.16000000000000     
   8.15458192859653        1.16000000000000     
   8.13846361451136        1.16000000000000     
   8.12237287326798        1.16000000000000     
   8.10630965909085        1.16000000000000     
   8.09027392627460        1.16000000000000     
   8.07426562918406        1.16000000000000     
   8.05828472225389        1.16000000000000     
   8.04233115998887        1.16000000000000     
   8.02640489696353        1.16000000000000     
   8.01050588782220        1.16000000000000     
   7.99463408727863        1.16000000000000     
   7.97878945011627        1.16000000000000     
   7.96297193118794        1.16000000000000     
   7.94718148541583        1.16000000000000     
   7.93141806779118        1.16000000000000     
   7.91568163337450        1.16000000000000     
   7.89997213729526        1.16000000000000     
   7.88428953475195        1.16000000000000     
   7.86863378101162        1.16000000000000     
   7.85300483141028        1.16000000000000     
   7.83740264135245        1.16000000000000     
   7.82182716631124        1.16000000000000     
   7.80627836182800        1.16000000000000     
   7.79075618351256        1.16000000000000     
   7.77526058704292        1.16000000000000     
   7.75979152816524        1.16000000000000     
   7.74434896269352        1.16000000000000     
   7.72893284650985        1.16000000000000     
   7.71354313556410        1.16000000000000     
   7.69817978587389        1.16000000000000     
   7.68284275352428        1.16000000000000     
   7.66753199466804        1.16000000000000     
   7.65224746552530        1.16000000000000     
   7.63698912238355        1.16000000000000     
   7.62175692159736        1.16000000000000     
   7.60655081958857        1.16000000000000     
   7.59137077284601        1.16000000000000     
   7.57621673792545        1.16000000000000     
   7.56108867144938        1.16000000000000     
   7.54598653010714        1.16000000000000     
   7.53091027065467        1.16000000000000     
   7.51585984991450        1.16000000000000     
   7.50083522477540        1.16000000000000     
   7.48583635219270        1.16000000000000     
   7.47086318918786        1.16000000000000     
   7.45591569284856        1.16000000000000     
   7.44099382032837        1.16000000000000     
   7.42609752884697        1.16000000000000     
   7.41122677568981        1.16000000000000     
   7.39638151820818        1.16000000000000     
   7.38156171381885        1.16000000000000     
   7.36676732000432        1.16000000000000     
   7.35199829431248        1.16000000000000     
   7.33725459435666        1.16000000000000     
   7.32253617781529        1.16000000000000     
   7.30784300243211        1.16000000000000     
   7.29317502601594        1.16000000000000     
   7.27853220644057        1.16000000000000     
   7.26391450164456        1.16000000000000     
   7.24932186963139        1.16000000000000     
   7.23475426846918        1.16000000000000     
   7.22021165629072        1.16000000000000     
   7.20569399129310        1.16000000000000     
   7.19120123173802        1.16000000000000     
   7.17673333595140        1.16000000000000     
   7.16229026232345        1.16000000000000     
   7.14787196930830        1.16000000000000     
   7.13347841542430        1.16000000000000     
   7.11910955925365        1.16000000000000     
   7.10476535944245        1.16000000000000     
   7.09044577470036        1.16000000000000     
   7.07615076380084        1.16000000000000     
   7.06188028558086        1.16000000000000     
   7.04763429894089        1.16000000000000     
   7.03341276284456        1.16000000000000     
   7.01921563631899        1.16000000000000     
   7.00504287845434        1.16000000000000     
   6.99089444840396        1.16000000000000     
   6.97677030538396        1.16000000000000     
   6.96267040867355        1.16000000000000     
   6.94859471761464        1.16000000000000     
   6.93454319161189        1.16000000000000     
   6.92051579013243        1.16000000000000     
   6.90651247270602        1.16000000000000     
   6.89253319892481        1.16000000000000     
   6.87857792844332        1.16000000000000     
   6.86464662097812        1.16000000000000     
   6.85073923630809        1.16000000000000     
   6.83685573427411        1.16000000000000     
   6.82299607477902        1.16000000000000     
   6.80916021778739        1.16000000000000     
   6.79534812332570        1.16000000000000     
   6.78155975148204        1.16000000000000     
   6.76779506240614        1.16000000000000     
   6.75405401630903        1.16000000000000     
   6.74033657346332        1.16000000000000     
   6.72664269420290        1.16000000000000     
   6.71297233892271        1.16000000000000     
   6.69932546807895        1.16000000000000     
   6.68570204218880        1.16000000000000     
   6.67210202183042        1.16000000000000     
   6.65852536764264        1.16000000000000     
   6.64497204032521        1.16000000000000     
   6.63144200063845        1.16000000000000     
   6.61793520940332        1.16000000000000     
   6.60445162750107        1.16000000000000     
   6.59099121587351        1.16000000000000     
   6.57755393552265        1.16000000000000     
   6.56413974751078        1.16000000000000     
   6.55074861296010        1.16000000000000     
   6.53738049305301        1.16000000000000     
   6.52403534903176        1.16000000000000     
   6.51071314219849        1.16000000000000     
   6.49741383391491        1.16000000000000     
   6.48413738560256        1.16000000000000     
   6.47088375874245        1.16000000000000     
   6.45765291487512        1.16000000000000     
   6.44444481560034        1.16000000000000     
   6.43125942257731        1.16000000000000     
   6.41809669752439        1.16000000000000     
   6.40495660221906        1.16000000000000     
   6.39183909849769        1.16000000000000     
   6.37874414825573        1.16000000000000     
   6.36567171344738        1.16000000000000     
   6.35262175608567        1.16000000000000     
   6.33959423824212        1.16000000000000     
   6.32658912204694        1.16000000000000     
   6.31360636968881        1.16000000000000     
   6.30064594341482        1.16000000000000     
   6.28770780553019        1.16000000000000     
   6.27479191839852        1.16000000000000     
   6.26189824444148        1.16000000000000     
   6.24902674613880        1.16000000000000     
   6.23617738602800        1.16000000000000     
   6.22335012670462        1.16000000000000     
   6.21054493082188        1.16000000000000     
   6.19776176109073        1.16000000000000     
   6.18500058027958        1.16000000000000     
   6.17226135121445        1.16000000000000     
   6.15954403677873        1.16000000000000     
   6.14684859991317        1.16000000000000     
   6.13417500361562        1.16000000000000     
   6.12152321094120        1.16000000000000     
   6.10889318500202        1.16000000000000     
   6.09628488896724        1.16000000000000     
   6.08369828606272        1.16000000000000     
   6.07113333957126        1.16000000000000     
   6.05859001283233        1.16000000000000     
   6.04606826924203        1.16000000000000     
   6.03356807225286        1.16000000000000     
   6.02108938537389        1.16000000000000     
   6.00863217217051        1.14984448090196     
   5.99619639626441        1.07951390499414     
   5.98378202133330        1.07951390499414     
   5.97138901111113        1.07951390499414     
   5.95901732938781        1.07951390499414     
   5.94666694000921        1.07951390499414     
   5.93433780687687        1.07951390499414     
   5.92202989394822        1.07951390499414     
   5.90974316523630        1.07951390499414     
   5.89747758480975        1.07951390499414     
   5.88523311679257        1.07951390499414     
   5.87300972536427        1.07951390499414     
   5.86080737475964        1.07951390499414     
   5.84862602926873        1.07951390499414     
   5.83646565323657        1.07951390499414     
   5.82432621106339        1.07951390499414     
   5.81220766720434        1.07951390499414     
   5.80010998616947        1.07951390499414     
   5.78803313252352        1.07951390499414     
   5.77597707088604        1.07951390499414     
   5.76394176593115        1.07951390499414     
   5.75192718238756        1.07951390499414     
   5.73993328503830        1.07951390499414     
   5.72796003872088        1.07951390499414     
   5.71600740832704        1.07951390499414     
   5.70407535880277        1.07951390499414     
   5.69216385514802        1.07951390499414     
   5.68027286241689        1.07951390499414     
   5.66840234571738        1.07951390499414     
   5.65655227021139        1.07951390499414     
   5.64472260111444        1.07951390499414     
   5.63291330369586        1.07951390499414     
   5.62112434327853        1.07951390499414     
   5.60935568523892        1.07951390499414     
   5.59760729500674        1.07951390499414     
   5.58587913806521        1.07951390499414     
   5.57417117995076        1.07951390499414     
   5.56248338625302        1.07951390499414     
   5.55081572261460        1.07951390499414     
   5.53916815473122        1.07951390499414     
   5.52754064835150        1.07951390499414     
   5.51593316927694        1.07951390499414     
   5.50434568336164        1.07951390499414     
   5.49277815651252        1.07951390499414     
   5.48123055468903        1.07951390499414     
   5.46970284390317        1.07951390499414     
   5.45819499021923        1.07951390499414     
   5.44670695975396        1.07951390499414     
   5.43523871867632        1.07951390499414     
   5.42379023320748        1.07951390499414     
   5.41236146962057        1.07951390499414     
   5.40095239424085        1.07951390499414     
   5.38956297344543        1.07951390499414     
   5.37819317366335        1.07951390499414     
   5.36684296137521        1.07951390499414     
   5.35551230311347        1.07951390499414     
   5.34420116546214        1.07951390499414     
   5.33290951505660        1.07951390499414     
   5.32163731858380        1.07951390499414     
   5.31038454278200        1.07951390499414     
   5.29915115444071        1.07951390499414     
   5.28793712040052        1.07951390499414     
   5.27674240755325        1.07951390499414     
   5.26556698284166        1.07951390499414     
   5.25441081325949        1.07951390499414     
   5.24327386585120        1.07951390499414     
   5.23215610771215        1.07951390499414     
   5.22105750598832        1.07951390499414     
   5.20997802787635        1.07951390499414     
   5.19891764062325        1.07951390499414     
   5.18787631152662        1.07951390499414     
   5.17685400793435        1.07951390499414     
   5.16585069724466        1.07951390499414     
   5.15486634690583        1.07951390499414     
   5.14390092441637        1.07951390499414     
   5.13295439732480        1.07951390499414     
   5.12202673322960        1.07951390499414     
   5.11111789977901        1.07951390499414     
   5.10022786467118        1.07951390499414     
   5.08935659565393        1.07951390499414     
   5.07850406052472        1.07951390499414     
   5.06767022713045        1.07951390499414     
   5.05685506336762        1.07951390499414     
   5.04605853718204        1.07951390499414     
   5.03528061656888        1.07951390499414     
   5.02452126957240        1.07951390499414     
   5.01378046428614        1.07951390499414     
   5.00305816885264        1.07951390499414     
   4.99235435146347        1.08518235037291     
   4.98166898035898        1.08521457836320     
   4.97100202382847        1.08524691938355     
   4.96035345020990        1.08527937337711     
   4.94972322788999        1.08531194028414     
   4.93911132530387        1.08534462004211     
   4.92851771093531        1.08537741258559     
   4.91794235331647        1.08541031784635     
   4.90738522102786        1.08544333575327     
   4.89684628269817        1.08547646623241     
   4.88632550700437        1.08550970920697     
   4.87582286267149        1.08554306459732     
   4.86533831847264        1.08557653232095     
   4.85487184322873        1.08561011229253     
   4.84442340580866        1.08564380442387     
   4.83399297512911        1.08567760862394     
   4.82358052015445        1.08571152479887     
   4.81318600989661        1.08574555285193     
   4.80280941341515        1.08577969268356     
   4.79245069981707        1.08581394419136     
   4.78210983825683        1.08584830727008     
   4.77178679793603        1.08588278181164     
   4.76148154810366        1.08591736770512     
   4.75119405805582        1.08595206483677     
   4.74092429713572        1.08598687309000     
   4.73067223473346        1.08602179234542     
   4.72043784028615        1.08605682248077     
   4.71022108327773        1.08609196337099     
   4.70002193323895        1.08612721488821     
   4.68984035974710        1.08616257690173     
   4.67967633242620        1.08619804927803     
   4.66952982094678        1.08623363188078     
   4.65940079502583        1.08626932457087     
   4.64928922442663        1.08630512720635     
   4.63919507895886        1.08634103964250     
   4.62911832847836        1.08637706173178     
   4.61905894288717        1.08641319332388     
   4.60901689213328        1.08644943426571     
   4.59899214621076        1.08648578440136     
   4.58898467515956        1.08652224357220     
   4.57899444906552        1.08655881161677     
   4.56902143806009        1.08659548837090     
   4.55906561232051        1.08663227366761     
   4.54912694206961        1.08666916733721     
   4.53920539757574        1.08670616920721     
   4.52930094915262        1.08674327910244     
   4.51941356715943        1.08678049684493     
   4.50954322200060        1.08681782225401     
   4.49968988412583        1.08685525514629     
   4.48985352402982        1.08689279533566     
   4.48003411225247        1.08693044263327     
   4.47023161937861        1.08696819684761     
   4.46044601603802        1.08700605778443     
   4.45067727290520        1.08704402524682     
   4.44092536069952        1.08708209903517     
   4.43119025018499        1.08712027894721     
   4.42147191217024        1.08715856477798     
   4.41177031750835        1.08719695631987     
   4.40208543709694        1.08723545336263     
   4.39241724187797        1.08727405569335     
   4.38276570283773        1.08731276309649     
   4.37313079100664        1.08735157535388     
   4.36351247745935        1.08739049224474     
   4.35391073331457        1.08742951354567     
   4.34432552973502        1.08746863903067     
   4.33475683792725        1.08750786847115     
   4.32520462914175        1.08754720163594     
   4.31566887467274        1.08758663829129     
   4.30614954585817        1.08762617820090     
   4.29664661407952        1.08766582112589     
   4.28716005076188        1.08770556682487     
   4.27768982737380        1.08774541505388     
   4.26823591542725        1.08778536556647     
   4.25879828647741        1.08782541811364     
   4.24937691212281        1.08786557244392     
   4.23997176400511        1.08790582830332     
   4.23058281380909        1.08794618543539     
   4.22121003326244        1.08798664358120     
   4.21185339413591        1.08802720247934     
   4.20251286824311        1.08806786186597     
   4.19318842744033        1.08810862147483     
   4.18388004362669        1.08814948103719     
   4.17458768874392        1.08819044028193     
   4.16531133477634        1.08823149893553     
   4.15605095375069        1.08827265672207     
   4.14680651773619        1.08831391336325     
   4.13757799884441        1.08835526857840     
   4.12836536922921        1.08839672208450     
   4.11916860108653        1.08843827359617     
   4.10998766665455        1.08847992282573     
   4.10082253821348        1.08852166948316     
   4.09167318808551        1.08856351327614     
   4.08253958863463        1.08860545391004     
   4.07342171226679        1.08864749108798     
   4.06431953142962        1.08868962451079     
   4.05523301861250        1.08873185387707     
   4.04616214634628        1.08877417888314     
   4.03710688720346        1.08881659922313     
   4.02806721379796        1.08885911458894     
   4.01904309878513        1.08890172467028     
   4.01003451486152        1.08894442915465     
   4.00104143476501        1.08898722772742     
   3.99206383127462        1.08903012007176     
   3.98310167721052        1.08907310586872     
   3.97415494543374        1.08911618479721     
   3.96522360884641        1.08915935653403     
   3.95630764039146        1.08920262075388     
   3.94740701305268        1.08924597712936     
   3.93852169985447        1.08928942533101     
   3.92965167386199        1.08933296502733     
   3.92079690818093        1.08937659588473     
   3.91195737595754        1.08942031756765     
   3.90313305037839        1.08946412973848     
   3.89432390467053        1.08950803205761     
   3.88552991210125        1.08955202418348     
   3.87675104597808        1.08959610577254     
   3.86798727964862        1.08964027647928     
   3.85923858650062        1.08968453595629     
   3.85050493996181        1.08972888385420     
   3.84178631349986        1.08977331982177     
   3.83308268062221        1.08981784350584     
   3.82439401487618        1.08986245455141     
   3.81572028984876        1.08990715260160     
   3.80706147916662        1.08995193729770     
   3.79841755649588        1.08999680827916     
   3.78978849554227        1.09004176518365     
   3.78117427005090        1.09008680764704     
   3.77257485380626        1.09013193530339     
   3.76399022063201        1.09017714778506     
   3.75542034439114        1.09022244472261     
   3.74686519898573        1.09026782574492     
   3.73832475835693        1.09031329047914     
   3.72979899648481        1.09035883855072     
   3.72128788738846        1.09040446958346     
   3.71279140512575        1.09045018319947     
   3.70430952379341        1.09049597901923     
   3.69584221752673        1.09054185666162     
   3.68738946049975        1.09058781574388     
   3.67895122692504        1.09063385588168     
   3.67052749105369        1.09067997668909     
   3.66211822717511        1.09072617777866     
   3.65372340961715        1.09077245876137     
   3.64534301274592        1.09081881924671     
   3.63697701096575        1.09086525884264     
   3.62862537871902        1.09091177715563     
   3.62028809048626        1.09095837379071     
   3.61196512078597        1.09100504835144     
   3.60365644417460        1.09105180043994     
   3.59536203524634        1.09109862965693     
   3.58708186863328        1.09114553560172     
   3.57881591900518        1.09119251787225     
   3.57056416106946        1.09123957606509     
   3.56232656957101        1.09128670977545     
   3.55410311929234        1.09133391859725     
   3.54589378505332        1.09138120212308     
   3.53769854171123        1.09142855994422     
   3.52951736416053        1.09147599165072     
   3.52135022733301        1.09152349683133     
   3.51319710619754        1.09157107507359     
   3.50505797576011        1.09161872596383     
   3.49693281106365        1.09166644908714     
   3.48882158718806        1.09171424402747     
   3.48072427925013        1.09176211036757     
   3.47264086240344        1.09181004768908     
   3.46457131183821        1.09185805557248     
   3.45651560278141        1.09190613359715     
   3.44847371049656        1.09195428134139     
   3.44044561028372        1.09200249838241     
   3.43243127747931        1.09205078429638     
   3.42443068745621        1.09209913865841     
   3.41644381562358        1.09214756104263     
   3.40847063742684        1.09219605102212     
   3.40051112834749        1.09224460816903     
   3.39256526390320        1.09229323205450     
   3.38463301964766        1.09234192224875     
   3.37671437117053        1.09239067832108     
   3.36880929409727        1.09243949983987     
   3.36091776408924        1.09248838637260     
   3.35303975684354        1.09253733748589     
   3.34517524809295        1.09258635274551     
   3.33732421360578        1.09263543171639     
   3.32948662918599        1.09268457396265     
   3.32166247067294        1.09273377904759     
   3.31385171394146        1.09278304653376     
   3.30605433490160        1.09283237598292     
   3.29827030949877        1.09288176695612     
   3.29049961371355        1.09293121901365     
   3.28274222356165        1.09298073171511     
   3.27499811509378        1.09303030461942     
   3.26726726439571        1.09307993728481     
   3.25954964758812        1.09312962926888     
   3.25184524082646        1.09317938012858     
   3.24415402030105        1.09322918942026     
   3.23647596223689        1.09327905669964     
   3.22881104289366        1.09332898152191     
   3.22115923856550        1.09337896344167     
   3.21352052558118        1.09342900201297     
   3.20589488030385        1.09347909678936     
   3.19828227913107        1.09352924732386     
   3.19068269849461        1.09357945316902     
   3.18309611486055        1.09362971387691     
   3.17552250472912        1.09368002899916     
   3.16796184463465        1.09373039808695     
   3.16041411114545        1.09378082069106     
   3.15287928086383        1.09383129636185     
   3.14535733042598        1.09388182464932     
   3.13784823650194        1.09393240510310     
   3.13035197579541        1.09398303727248     
   3.12286852504388        1.09403372070642     
   3.11539786101840        1.09408445495357     
   3.10793996052362        1.09413523956228     
   3.10049480039757        1.09418607408064     
   3.09306235751179        1.09423695805649     
   3.08564260877112        1.09428789103741     
   3.07823553111372        1.09433887257078     
   3.07084110151087        1.09438990220377     
   3.06345929696706        1.09444097948335     
   3.05609009451986        1.09449210395633     
   3.04873347123982        1.09454327516939     
   3.04138940423040        1.09459449266905     
   3.03405787062797        1.09464575600172     
   3.02673884760170        1.09469706471371     
   3.01943231235351        1.09474841835125     
   3.01213824211790        1.09479981646052     
   3.00485661416207        1.09485125858761     
   2.99758740578569        1.09490274427863     
   2.99033059432096        1.09495427307965     
   2.98308615713236        1.09500584453673     
   2.97585407161680        1.09505745819597     
   2.96863431520343        1.09510911360350     
   2.96142686535360        1.09516081030550     
   2.95423169956073        1.09521254784823     
   2.94704879535035        1.09526432577803     
   2.93987813027998        1.09531614364133     
   2.93271968193908        1.09536800098469     
   2.92557342794889        1.09541989735481     
   2.91843934596252        1.09547183229854     
   2.91131741366478        1.09552380536289     
   2.90420760877215        1.09557581609505     
   2.89710990903264        1.09562786404243     
   2.89002429222584        1.09567994875265     
   2.88295073616278        1.09573206977354     
   2.87588921868589        1.09578422665320     
   2.86883971766887        1.09583641893999     
   2.86180221101673        1.09588864618255     
   2.85477667666564        1.09594090792981     
   2.84776309258292        1.09599320373101     
   2.84076143676688        1.09604553313572     
   2.83377168724687        1.09609789569385     
   2.82679382208314        1.09615029095567     
   2.81982781936683        1.09620271847182     
   2.81287365721977        1.09625517779332     
   2.80593131379461        1.09630766847160     
   2.79900076727461        1.09636019005851     
   2.79208199587365        1.09641274210633     
   2.78517497783603        1.09646532416779     
   2.77827969143661        1.09651793579606     
   2.77139611498060        1.09657057654482     
   2.76452422680355        1.09662324596822     
   2.75766400527118        1.09667594362093     
   2.75081542877949        1.09672866905812     
   2.74397847575456        1.09678142183550     
   2.73715312465255        1.09683420150936     
   2.73033935395955        1.09688700763651     
   2.72353714219163        1.09693983977435     
   2.71674646789468        1.09699269748089     
   2.70996730964442        1.09704558031473     
   2.70319964604621        1.09709848783508     
   2.69644345573514        1.09715141960180     
   2.68969871737588        1.09720437517538     
   2.68296540966261        1.09725735411699     
   2.67624351131893        1.09731035598846     
   2.66953300109789        1.09736338035230     
   2.66283385778184        1.09741642677174     
   2.65614606018240        1.09746949481070     
   2.64946958714034        1.09752258403384     
   2.64280441752559        1.09757569400656     
   2.63615053023716        1.09762882429500     
   2.62950790420303        1.09768197446609     
   2.62287651838008        1.09773514408750     
   2.61625635175408        1.09778833272773     
   2.60964738333962        1.09784153995605     
   2.60304959218001        1.09789476534256     
   2.59646295734716        1.09794800845820     
   2.58988745794165        1.09800126887472     
   2.58332307309257        1.09805454616475     
   2.57676978195750        1.09810783990175     
   2.57022756372235        1.09816114966011     
   2.56369639760144        1.09821447501505     
   2.55717626283732        1.09826781554272     
   2.55066713870078        1.09832117082018     
   2.54416900449067        1.09837454042541     
   2.53768183953399        1.09842792393731     
   2.53120562318571        1.09848132093575     
   2.52474033482878        1.09853473100154     
   2.51828595387394        1.09858815371647     
   2.51184245975981        1.09864158866328     
   2.50540983195274        1.09869503542575     
   2.49898804994678        1.09874849358860     
   2.49257709326350        1.09880196273762     
   2.48617694145211        1.09885544245958     
   2.47978757408927        1.09890893234230     
   2.47340897077907        1.09896243197464     
   2.46704111115290        1.09901594094652     
   2.46068397486948        1.09906945884891     
   2.45433754161477        1.09912298527387     
   2.44800179110180        1.09917651981453     
   2.44167670307075        1.09923006206512     
   2.43536225728882        1.09928361162098     
   2.42905843355017        1.09933716807855     
   2.42276521167580        1.09939073103540     
   2.41648257151358        1.09944430009023     
   2.41021049293815        1.09949787484289     
   2.40394895585084        1.09955145489438     
   2.39769794017955        1.09960503984684     
   2.39145742587882        1.09965862930361     
   2.38522739292966        1.09971222286920     
   2.37900782133953        1.09976582014929     
   2.37279869114220        1.09981942075077     
   2.36659998239780        1.09987302428174     
   2.36041167519270        1.09992663035152     
   2.35423374963942        1.09998023857062     
   2.34806618587657        1.10003384855081     
   2.34190896406884        1.10008745990509     
   2.33576206440688        1.10014107224772     
   2.32962546710726        1.10019468519419     
   2.32349915241236        1.10024829836128     
   2.31738310059038        1.10030191136702     
   2.31127729193523        1.10035552383073     
   2.30518170676649        1.10040913537302     
   2.29909632542924        1.10046274561579     
   2.29302112829417        1.10051635418225     
   2.28695609575740        1.10056996069689     
   2.28090120824046        1.10062356478556     
   2.27485644619013        1.10067716607541     
   2.26882179007852        1.10073076419492     
   2.26279722040291        1.10078435877392     
   2.25678271768574        1.10083794944357     
   2.25077826247445        1.10089153583639     
   2.24478383534153        1.10094511758626     
   2.23879941688440        1.10099869432844     
   2.23282498772535        1.10105226569953     
   2.22686052851144        1.10110583133752     
   2.22090601991450        1.10115939088181     
   2.21496144263103        1.10121294397315     
   2.20902677738216        1.10126649025372     
   2.20310200491350        1.10132002936709     
   2.19718710599520        1.10137356095823     
   2.19128206142180        1.10142708467354     
   2.18538685201223        1.10148060016083     
   2.17950145860960        1.10153410706936     
   2.17362586208133        1.10158760504978     
   2.16776004331899        1.10164109375420     
   2.16190398323822        1.10169457283619     
   2.15605766277864        1.10174804195074     
   2.15022106290391        1.10180150075431     
   2.14439416460152        1.10185494890480     
   2.13857694888286        1.10190838606160     
   2.13276939678298        1.10196181188553     
   2.12697148936072        1.10201522603893     
   2.12118320769851        1.10206862818558     
   2.11540453290238        1.10212201799076     
   2.10963544610182        1.10217539512123     
   2.10387592844980        1.10222875924523     
   2.09812596112264        1.10228211003253     
   2.09238552532001        1.10233544715437     
   2.08665460226474        1.10238877028349     
   2.08093317320292        1.10244207909416     
   2.07522121940374        1.10249537326215     
   2.06951872215943        1.10254865246474     
   2.06382566278517        1.10260191638075     
   2.05814202261911        1.10265516469049     
   2.05246778302224        1.10270839707583     
   2.04680292537836        1.10276161322015     
   2.04114743109392        1.10281481280837     
   2.03550128159812        1.10286799552695     
   2.02986445834271        1.10292116106388     
   2.02423694280200        1.10297430910871     
   2.01861871647271        1.10302743935252     
   2.01300976087400        1.10308055148795     
   2.00741005754738        1.10313364520918     
   2.00181958805662        1.10318672021197     
   1.99623833398764        1.10323977619361     
   1.99066627694859        1.10329281285297     
   1.98510339856964        1.10334582989047     
   1.97954968050301        1.10339882700810     
   1.97400510442280        1.10345180390943     
   1.96846965202506        1.10350476029959     
   1.96294330502762        1.10355769588527     
   1.95742604517009        1.10361061037476     
   1.95191785421372        1.10366350347791     
   1.94641871394141        1.10371637490616     
   1.94092860615764        1.10376922437252     
   1.93544751268836        1.10382205159159     
   1.92997541538090        1.10387485627955     
   1.92451229610403        1.10392763815417     
   1.91905813674778        1.10398039693481     
   1.91361291922342        1.10403313234241     
   1.90817662546336        1.10408584409951     
   1.90274923742114        1.10413853193024     
   1.89733073707133        1.10419119556032     
   1.89192110640950        1.10424383471706     
   1.88652032745206        1.10429644912939     
   1.88112838223631        1.10434903852780     
   1.87574525282032        1.10440160264441     
   1.87037092128290        1.10445414121292     
   1.86500536972342        1.10450665396864     
   1.85964858026192        1.10455914064848     
   1.85430053503893        1.10461160099094     
   1.84896121621544        1.10466403473613     
   1.84363060597277        1.10471644162576     
   1.83830868651264        1.10476882140316     
   1.83299544005697        1.10482117381323     
   1.82769084884794        1.10487349860250     
   1.82239489514775        1.10492579551910     
   1.81710756123876        1.10497806431275     
   1.81182882942330        1.10503030473479     
   1.80655868202358        1.10508251653816     
   1.80129710138173        1.10513469947739     
   1.79604406985969        1.10518685330865     
   1.79079956983911        1.10523897778967     
   1.78556358372128        1.10529107267982     
   1.78033609392716        1.10534313774005     
   1.77511708289722        1.10539517273293     
   1.76990653309142        1.10544717742263     
   1.76470442698908        1.10549915157490     
   1.75951074708892        1.10555109495713     
   1.75432547590892        1.10560300733828     
   1.74914859598630        1.10565488848893     
   1.74398008987737        1.10570673818126     
   1.73881994015757        1.10575855618903     
   1.73366812942136        1.10581034228762     
   1.72852464028216        1.10586209625399     
   1.72338945537222        1.10591381786673     
   1.71826255734267        1.10596550690598     
   1.71314392886340        1.10601716315351     
   1.70803355262297        1.10606878639267     
   1.70293141132856        1.10612037640840     
   1.69783748770592        1.10617193298723     
   1.69275176449932        1.10622345591731     
   1.68767422447146        1.10627494498833     
   1.68260485040334        1.10632639999161     
   1.67754362509434        1.10637782072003     
   1.67249053136204        1.10642920696806     
   1.66744555204221        1.10648055853176     
   1.66240866998868        1.10653187520877     
   1.65737986807337        1.10658315679831     
   1.65235912918614        1.10663440310117     
   1.64734643623479        1.10668561391972     
   1.64234177214491        1.10673678905791     
   1.63734511985992        1.10678792832126     
   1.63235646234093        1.10683903151685     
   1.62737578256672        1.10689009845336     
   1.62240306353358        1.10694112894100     
   1.61743828825538        1.10699212279156     
   1.61248143976344        1.10704307981840     
   1.60753250110645        1.10709399983643     
   1.60259145535038        1.10714488266212     
   1.59765828557851        1.10719572811351     
   1.59273297489128        1.10724653601016     
   1.58781550640628        1.10729730617323     
   1.58290586325809        1.10734803842539     
   1.57800402859833        1.10739873259087     
   1.57310998559556        1.10744938849544     
   1.56822371743517        1.10750000596642     
   1.56334520731931        1.10755058483267     
   1.55847443846693        1.10760112492458     
   1.55361139411360        1.10765162607408     
   1.54875605751149        1.10770208811462     
   1.54390841192929        1.10775251088119     
   1.53906844065217        1.10780289421030     
   1.53423612698169        1.10785323793999     
   1.52941145423577        1.10790354190981     
   1.52459440574854        1.10795380596084     
   1.51978496487036        1.10800402993567     
   1.51498311496774        1.10805421367840     
   1.51018883942326        1.10810435703463     
   1.50540212163545        1.10815445985149     
   1.50062294501884        1.10820452197758     
   1.49585129300379        1.10825454326303     
   1.49108714903650        1.10830452355945     
   1.48633049657886        1.10835446271994     
   1.48158131910847        1.10840436059911     
   1.47683960011853        1.10845421705303     
   1.47210532311780        1.10850403193929     
   1.46737847163044        1.10855380511691     
   1.46265902919609        1.10860353644644     
   1.45794697936972        1.10865322578986     
   1.45324230572158        1.10870287301066     
   1.44854499183708        1.10875247797376     
   1.44385502131682        1.10880204054557     
   1.43917237777648        1.10885156059394     
   1.43449704484674        1.10890103798820     
   1.42982900617320        1.10895047259911     
   1.42516824541636        1.10899986429890     
   1.42051474625154        1.10904921296123     
   1.41586849236882        1.10909851846120     
   1.41122946747290        1.10914778067537     
   1.40659765528313        1.10919699948172     
   1.40197303953343        1.10924617475967     
   1.39735560397217        1.10929530639004     
   1.39274533236211        1.10934439425511     
   1.38814220848040        1.10939343823856     
   1.38354621611846        1.10944243822550     
   1.37895733908194        1.10949139410243     
   1.37437556119057        1.10954030575729     
   1.36980086627824        1.10958917307939     
   1.36523323819280        1.10963799595947     
   1.36067266079610        1.10968677428966     
   1.35611911796381        1.10973550796347     
   1.35157259358545        1.10978419687581     
   1.34703307156428        1.10983284092297     
   1.34250053581727        1.10988144000263     
   1.33797497027493        1.10992999401385     
   1.33345635888139        1.10997850285704     
   1.32894468559422        1.11002696643400     
   1.32443993438445        1.11007538464790     
   1.31994208923638        1.11012375740325     
   1.31545113414766        1.11017208460592     
   1.31096705312912        1.11022036616316     
   1.30648983020476        1.11026860198354     
   1.30201944941161        1.11031679197698     
   1.29755589479977        1.11036493605475     
   1.29309915043225        1.11041303412944     
   1.28864920038497        1.11046108611499     
   1.28420602874660        1.11050909192667     
   1.27976961961862        1.11055705148104     
   1.27533995711518        1.11060496469603     
   1.27091702536298        1.11065283149083     
   1.26650080850133        1.11070065178599     
   1.26209129068199        1.11074842550333     
   1.25768845606914        1.11079615256600     
   1.25329228883926        1.11084383289842     
   1.24890277318115        1.11089146642633     
   1.24451989329581        1.11093905307674     
   1.24014363339639        1.11098659277796     
   1.23577397770805        1.11103408545957     
   1.23141091046802        1.11108153105242     
   1.22705441592546        1.11112892948865     
   1.22270447834139        1.11117628070165     
   1.21836108198861        1.11122358462608     
   1.21402421115169        1.11127084119787     
   1.20969385012686        1.11131805035418     
   1.20536998322196        1.11136521203343     
   1.20105259475631        1.11141232617530     
   1.19674166906076        1.11145939272069     
   1.19243719047754        1.11150641161174     
   1.18813914336022        1.11155338279184     
   1.18384751207358        1.11160030620557     
   1.17956228099366        1.11164718179877     
   1.17528343450759        1.11169400951849     
   1.17101095701361        1.11174078931297     
   1.16674483292086        1.11178752113169     
   1.16248504664950        1.11183420492531     
   1.15823158263049        1.11188084064571     
   1.15398442530562        1.11192742824595     
   1.14974355912736        1.11197396768030     
   1.14550896855886        1.11202045890419     
   1.14128063807385        1.11206690187426     
   1.13705855215660        1.11211329654830     
   1.13284269530178        1.11215964288530     
   1.12863305201449        1.11220594084539     
   1.12442960681012        1.11225219038990     
   1.12023234421433        1.11229839148128     
   1.11604124876293        1.11234454408316     
   1.11185630500185        1.11239064816032     
   1.10767749748709        1.11243670367866     
   1.10350481078460        1.11248271060526     
   1.09933822947022        1.11252866890831     
   1.09517773812967        1.11257457855713     
   1.09102332135841        1.11262043952219     
   1.08687496376164        1.11266625177505     
   1.08273264995413        1.11271201528842     
   1.07859636456028        1.11275773003610     
   1.07446609221396        1.11280339599301     
   1.07034181755849        1.11284901313518     
   1.06622352524650        1.11289458143973     
   1.06211119993998        1.11294010088488     
   1.05800482631011        1.11298557144993     
   1.05390438903726        1.11303099311528     
   1.04980987281082        1.11307636586240     
   1.04572126232927        1.11312168967385     
   1.04163854230000        1.11316696453325     
   1.03756169743935        1.11321219042529     
   1.03349071247237        1.11325736733574     
   1.02942557213294        1.11330249525140     
   1.02536626116360        1.11334757416014     
   1.02131276431551        1.11339260405088     
   1.01726506634833        1.11343758491359     
   1.01322315203023        1.11348251673926     
   1.00918700613779        1.11352739951994     
   1.00515661345592        1.11357223324869     
   1.00113195877778        1.11361701791962     
  0.997113026904745        1.11366175352783     
  0.993099802646329        1.11370644006947     
  0.989092270820116        1.11375107754169     
  0.985090416251639        1.11379566594263     
  0.981094223774406        1.11384020527147     
  0.977103678229765        1.11388469552837     
  0.973118764466866        1.11392913671448     
  0.969139467342539        1.11397352883194     
  0.965165771721306        1.11401787188389     
  0.961197662475262        1.11406216587444     
  0.957235124484025        1.11410641080869     
  0.953278142634622        1.11415060669269     
  0.949326701821494        1.11419475353348     
  0.945380786946381        1.11423885133904     
  0.941440382918275        1.11428290011833     
  0.937505474653295        1.11432689988126     
  0.933576047074709        1.11437085063869     
  0.929652085112799        1.11441475240241     
  0.925733573704832        1.11445860518517     
  0.921820497794923        1.11450240900066     
  0.917912842334061        1.11454616386347     
  0.914010592279978        1.11458986978916     
  0.910113732597110        1.11463352679418     
  0.906222248256472        1.11467713489591     
  0.902336124235672        1.11472069411266     
  0.898455345518791        1.11476420446363     
  0.894579897096336        1.11480766596892     
  0.890709763965118        1.11485107864956     
  0.886844931128268        1.11489444252745     
  0.882985383595111        1.11493775762540     
  0.879131106381127        1.11498102396709     
  0.875282084507823        1.11502424157711     
  0.871438303002748        1.11506741048089     
  0.867599746899373        1.11511053070478     
  0.863766401237049        1.11515360227598     
  0.859938251060876        1.11519662522253     
  0.856115281421724        1.11523959957339     
  0.852297477376108        1.11528252535833     
  0.848484823986146        1.11532540260798     
  0.844677306319433        1.11536823135385     
  0.840874909449056        1.11541101162826     
  0.837077618453473        1.11545374346439     
  0.833285418416470        1.11549642689624     
  0.829498294427033        1.11553906195867     
  0.825716231579367        1.11558164868733     
  0.821939214972771        1.11562418711873     
  0.818167229711598        1.11566667729018     
  0.814400260905124        1.11570911923981     
  0.810638293667572        1.11575151300656     
  0.806881313117995        1.11579385863017     
  0.803129304380166        1.11583615615120     
  0.799382252582599        1.11587840561099     
  0.795640142858415        1.11592060705169     
  0.791902960345309        1.11596276051623     
  0.788170690185419        1.11600486604832     
  0.784443317525349        1.11604692369248     
  0.780720827516036        1.11608893349398     
  0.777003205312715        1.11613089549886     
  0.773290436074791        1.11617280975397     
  0.769582504965858        1.11621467630687     
  0.765879397153569        1.11625649520593     
  0.762181097809602        1.11629826650025     
  0.758487592109529        1.11633999023968     
  0.754798865232834        1.11638166647485     
  0.751114902362793        1.11642329525710     
  0.747435688686424        1.11646487663853     
  0.743761209394369        1.11650641067198     
  0.740091449680911        1.11654789741100     
  0.736426394743842        1.11658933690991     
  0.732766029784429        1.11663072922372     
  0.729110340007289        1.11667207440817     
  0.725459310620403        1.11671337251973     
  0.721812926834989        1.11675462361557     
  0.718171173865469        1.11679582775358     
  0.714534036929334        1.11683698499233     
  0.710901501247172        1.11687809539113     
  0.707273552042534        1.11691915900997     
  0.703650174541897        1.11696017590953     
  0.700031353974544        1.11700114615118     
  0.696417075572572        1.11704206979698     
  0.692807324570771        1.11708294690968     
  0.689202086206589        1.11712377755269     
  0.685601345720001        1.11716456179012     
  0.682005088353525        1.11720529968673     
  0.678413299352108        1.11724599130796     
  0.674825963963070        1.11728663671989     
  0.671243067435994        1.11732723598930     
  0.667664595022737        1.11736778918360     
  0.664090531977304        1.11740829637084     
  0.660520863555808        1.11744875761975     
  0.656955575016356        1.11748917299969     
  0.653394651619051        1.11752954258065     
  0.649838078625877        1.11756986643327     
  0.646285841300659        1.11761014462883     
  0.642737924908937        1.11765037723922     
  0.639194314717986        1.11769056433698     
  0.635654995996685        1.11773070599525     
  0.632119954015488        1.11777080228780     
  0.628589174046293        1.11781085328902     
  0.625062641362464        1.11785085907391     
  0.621540341238701        1.11789081971806     
  0.618022258951007        1.11793073529769     
  0.614508379776566        1.11797060588962     
  0.610998688993752        1.11801043157124     
  0.607493171882014        1.11805021242056     
  0.603991813721834        1.11808994851618     
  0.600494599794603        1.11812963993727     
  0.597001515382641        1.11816928676360     
  0.593512545769072        1.11820888907550     
  0.590027676237787        1.11824844695390     
  0.586546892073323        1.11828796048029     
  0.583070178560875        1.11832742973674     
  0.579597520986179        1.11836685480586     
  0.576128904635471        1.11840623577086     
  0.572664314795366        1.11844557271547     
  0.569203736752879        1.11848486572401     
  0.565747155795295        1.11852411488133     
  0.562294557210136        1.11856332027284     
  0.558845926285042        1.11860248198449     
  0.555401248307785        1.11864160010278     
  0.551960508566147        1.11868067471473     
  0.548523692347884        1.11871970590792     
  0.545090784940607        1.11875869377044     
  0.541661771631797        1.11879763839094     
  0.538236637708683        1.11883653985855     
  0.534815368458208        1.11887539826297     
  0.531397949166907        1.11891421369438     
  0.527984365120926        1.11895298624349     
  0.524574601605900        1.11899171600154     
  0.521168643906915        1.11903040306026     
  0.517766477308396        1.11906904751187     
  0.514368087094113        1.11910764944914     
  0.510973458547071        1.11914620896529     
  0.507582576949468        1.11918472615407     
  0.504195427582581        1.11922320110971     
  0.500811995726780        1.11926163392693     
  0.497432266661409        1.11930002470093     
  0.494056225664752        1.11933837352741     
  0.490683858013916        1.11937668050254     
  0.487315148984844        1.11941494572297     
  0.483950083852201        1.11945316928582     
  0.480588647889338        1.11949135128869     
  0.477230826368174        1.11952949182963     
  0.473876604559214        1.11956759100718     
  0.470525967731432        1.11960564892033     
  0.467178901152234        1.11964366566851     
  0.463835390087346        1.11968164135164     
  0.460495419800827        1.11971957607008     
  0.457158975554958        1.11975746992462     
  0.453826042610201        1.11979532301652     
  0.450496606225089        1.11983313544747     
  0.447170651656243        1.11987090731962     
  0.443848164158252        1.11990863873553     
  0.440529128983646        1.11994632979821     
  0.437213531382777        1.11998398061111     
  0.433901356603840        1.12002159127809     
  0.430592589892756        1.12005916190345     
  0.427287216493137        1.12009669259190     
  0.423985221646179        1.12013418344858     
  0.420686590590675        1.12017163457905     
  0.417391308562916        1.12020904608926     
  0.414099360796593        1.12024641808561     
  0.410810732522818        1.12028375067488     
  0.407525408970004        1.12032104396426     
  0.404243375363841        1.12035829806134     
  0.400964616927180        1.12039551307413     
  0.397689118880052        1.12043268911101     
  0.394416866439559        1.12046982628076     
  0.391147844819838        1.12050692469256     
  0.387882039231955        1.12054398445598     
  0.384619434883923        1.12058100568097     
  0.381360016980591        1.12061798847786     
  0.378103770723609        1.12065493295736     
  0.374850681311331        1.12069183923056     
  0.371600733938819        1.12072870740892     
  0.368353913797746        1.12076553760428     
  0.365110206076359        1.12080232992885     
  0.361869595959376        1.12083908449518     
  0.358632068628000        1.12087580141623     
  0.355397609259819        1.12091248080527     
  0.352166203028768        1.12094912277596     
  0.348937835105030        1.12098572744231     
  0.345712490655051        1.12102229491868     
  0.342490154841437        1.12105882531977     
  0.339270812822924        1.12109531876064     
  0.336054449754273        1.12113177535668     
  0.332841050786292        1.12116819522365     
  0.329630601065729        1.12120457847762     
  0.326423085735246        1.12124092523501     
  0.323218489933313        1.12127723561256     
  0.320016798794236        1.12131350972736     
  0.316817997448043        1.12134974769682     
  0.313622071020468        1.12138594963867     
  0.310429004632840        1.12142211567098     
  0.307238783402114        1.12145824591211     
  0.304051392440760        1.12149434048077     
  0.300866816856743        1.12153039949598     
  0.297685041753423        1.12156642307704     
  0.294506052229571        1.12160241134361     
  0.291329833379280        1.12163836441561     
  0.288156370291931        1.12167428241331     
  0.284985648052094        1.12171016545725     
  0.281817651739561        1.12174601366827     
  0.278652366429236        1.12178182716754     
  0.275489777191122        1.12181760607648     
  0.272329869090212        1.12185335051683     
  0.269172627186526        1.12188906061062     
  0.266018036535005        1.12192473648015     
  0.262866082185494        1.12196037824803     
  0.259716749182643        1.12199598603713     
  0.256570022565934        1.12203155997060     
  0.253425887369588        1.12206710017189     
  0.250284328622541        1.12210260676470     
  0.247145331348352        1.12213807987302     
  0.244008880565227        1.12217351962108     
  0.240874961285932        1.12220892613342     
  0.237743558517767        1.12224429953482     
  0.234614657262477        1.12227963995031     
  0.231488242516279        1.12231494750521     
  0.228364299269773        1.12235022232507     
  0.225242812507921        1.12238546453572     
  0.222123767209959        1.12242067426323     
  0.219007148349423        1.12245585163390     
  0.215892940894068        1.12249099677432     
  0.212781129805841        1.12252610981128     
  0.209671700040799        1.12256119087185     
  0.206564636549140        1.12259624008333     
  0.203459924275113        1.12263125757323     
  0.200357548157005        1.12266624346934     
  0.197257493127056        1.12270119789965     
  0.194159744111488        1.12273612099240     
  0.191064286030422        1.12277101287603     
  0.187971103797867        1.12280587367925     
  0.184880182321633        1.12284070353095     
  0.181791506503365        1.12287550256027     
  0.178705061238462        1.12291027089655     
  0.175620831416067        1.12294500866936     
  0.172538801918979        1.12297971600848     
  0.169458957623696        1.12301439304389     
  0.166381283400334        1.12304903990580     
  0.163305764112611        1.12308365672460     
  0.160232384617774        1.12311824363092     
  0.157161129766634        1.12315280075554     
  0.154091984403491        1.12318732822950     
  0.151024933366123        1.12322182618399     
  0.147959961485709        1.12325629475042     
  0.144897053586873        1.12329073406038     
  0.141836194487605        1.12332514424565     
  0.138777368999255        1.12335952543820     
  0.135720561926462        1.12339387777020     
  0.132665758067193        1.12342820137398     
  0.129612942212673        1.12346249638206     
  0.126562099147377        1.12349676292714     
  0.123513213648965        1.12353100114210     
  0.120466270488320        1.12356521115997     
  0.117421254429483        1.12359939311399     
  0.114378150229646        1.12363354713752     
  0.111336942639090        1.12366767336414     
  0.108297616401227        1.12370177192755     
  0.105260156252535        1.12373584296163     
  0.102224546922558        1.12376988660042     
  9.919077313384150E-002   1.12380390297812     
  9.615881960197914E-002   1.12383789222907     
  9.312867103555167E-002   1.12387185448777     
  9.010031213612923E-002   1.12390578988888     
  8.707372759820742E-002   1.12393969856719     
  8.404890210926119E-002   1.12397358065764     
  8.102582034968275E-002   1.12400743629532     
  7.800446699278796E-002   1.12404126561546     
  7.498482670475659E-002   1.12407506875342     
  7.196688414468655E-002   1.12410884584470     
  6.895062396454876E-002   1.12414259702493     
  6.593603080913835E-002   1.12417632242987     
  6.292308931613189E-002   1.12421002219541     
  5.991178411603260E-002   1.12424369645758     
  5.690209983218164E-002   1.12427734535251     
  5.389402108070374E-002   1.12431096901646     
  5.088753247056799E-002   1.12434456758582     
  4.788261860353460E-002   1.12437814119707     
  4.487926407416998E-002   1.12441168998685     
  4.187745346979721E-002   1.12444521409185     
  3.887717137055802E-002   1.12447871364893     
  3.587840234936368E-002   1.12451218879501     
  3.288113097191459E-002   1.12454563966714     
  2.988534179665292E-002   1.12457906640247     
  2.689101937482707E-002   1.12461246913824     
  2.389814825044945E-002   1.12464584801180     
  2.090671296031688E-002   1.12467920316057     
  1.791669803396645E-002   1.12471253472209     
  1.492808799374834E-002   1.12474584283398     
  1.194086735477895E-002   1.12477912763395     
  8.955020624973109E-003   1.12481238925978     
  5.970532305000109E-003   1.12484562784936     
  2.987386888357868E-003   1.12487884354063     
  5.568861337179598E-006   1.12491203647163     
  0                        1.125