22.666 4.5704e-07 8.5147e-07 
22.100 9.1374e-07 1.7608e-06 
21.566 2.0853e-06 3.9142e-06 
21.062 3.2552e-06 6.2557e-06 
20.586 6.0819e-06 1.1383e-05 
20.134 8.9038e-06 1.6980e-05 
19.705 1.6030e-05 2.9650e-05 
19.298 2.3144e-05 4.3412e-05 
18.910 3.9500e-05 7.1939e-05 
18.540 5.5821e-05 1.0281e-04 
18.186 9.2147e-05 1.6469e-04 
17.848 1.2839e-04 2.3133e-04 
17.525 1.9754e-04 3.4701e-04 
17.215 2.6651e-04 4.7147e-04 
16.918 3.9416e-04 6.8025e-04 
16.633 5.2142e-04 9.0428e-04 
16.359 7.3304e-04 1.2441e-03 
16.095 9.4394e-04 1.6087e-03 
15.841 1.2788e-03 2.1339e-03 
15.596 1.6124e-03 2.6971e-03 
15.360 2.1073e-03 3.4538e-03 
15.132 2.6004e-03 4.2651e-03 
14.912 3.2944e-03 5.2970e-03 
14.699 3.9861e-03 6.4033e-03 
14.493 4.8862e-03 7.7064e-03 
14.294 5.7834e-03 9.1060e-03 
14.101 6.9489e-03 1.0748e-02 
13.914 8.1105e-03 1.2511e-02 
13.733 9.5166e-03 1.4423e-02 
13.557 1.0918e-02 1.6479e-02 
13.387 1.2558e-02 1.8664e-02 
13.221 1.4192e-02 2.1014e-02 
13.060 1.6076e-02 2.3449e-02 
12.903 1.7955e-02 2.6071e-02 
12.751 2.0086e-02 2.8739e-02 
12.603 2.2212e-02 3.1610e-02 
12.459 2.4396e-02 3.4288e-02 
12.318 2.6575e-02 3.7183e-02 
12.181 2.9030e-02 4.0155e-02 
12.048 3.1478e-02 4.3354e-02 
11.918 3.4380e-02 4.6674e-02 
11.791 3.7276e-02 5.0228e-02 
11.667 3.9977e-02 5.3302e-02 
11.546 4.2671e-02 5.6615e-02 
11.428 4.5825e-02 6.0079e-02 
11.313 4.8972e-02 6.3781e-02 
11.200 5.2264e-02 6.7364e-02 
11.090 5.5549e-02 7.1182e-02 
10.982 5.8669e-02 7.4618e-02 
10.877 6.1780e-02 7.8287e-02 
10.774 6.5240e-02 8.1971e-02 
10.673 6.8693e-02 8.5882e-02 
10.574 7.1859e-02 8.9296e-02 
10.478 7.5018e-02 9.2931e-02 
10.383 7.8932e-02 9.6947e-02 
10.290 8.2839e-02 1.0117e-01 
10.199 8.6613e-02 1.0510e-01 
10.110 9.0379e-02 1.0924e-01 
10.023 9.4902e-02 1.1367e-01 
9.938 9.9417e-02 1.1829e-01 
9.854 1.0364e-01 1.2252e-01 
9.771 1.0786e-01 1.2694e-01 
9.690 1.1173e-01 1.3105e-01 
9.611 1.1560e-01 1.3534e-01 
9.533 1.1949e-01 1.3959e-01 
9.457 1.2337e-01 1.4401e-01 
9.382 1.2708e-01 1.4828e-01 
9.308 1.3079e-01 1.5273e-01 
9.235 1.3407e-01 1.5700e-01 
9.164 1.3735e-01 1.6145e-01 
9.094 1.4008e-01 1.6561e-01 
9.026 1.4282e-01 1.6996e-01 
8.958 1.4563e-01 1.7436e-01 
8.892 1.4846e-01 1.7899e-01 
8.826 1.5176e-01 1.8401e-01 
8.762 1.5508e-01 1.8927e-01 
8.698 1.5882e-01 1.9483e-01 
8.636 1.6259e-01 2.0065e-01 
8.575 1.6681e-01 2.0679e-01 
8.515 1.7108e-01 2.1322e-01 
8.456 1.7576e-01 2.1986e-01 
8.397 1.8049e-01 2.2679e-01 
8.340 1.8574e-01 2.3405e-01 
8.283 1.9105e-01 2.4162e-01 
8.227 1.9699e-01 2.4960e-01 
8.172 2.0300e-01 2.5793e-01 
8.118 2.0973e-01 2.6672e-01 
8.064 2.1654e-01 2.7586e-01 
8.012 2.2415e-01 2.8552e-01 
7.960 2.3186e-01 2.9557e-01 
7.909 2.4038e-01 3.0608e-01 
7.859 2.4902e-01 3.1701e-01 
7.809 2.5854e-01 3.2844e-01 
7.760 2.6821e-01 3.4027e-01 
7.712 2.7888e-01 3.5269e-01 
7.664 2.8971e-01 3.6553e-01 
7.617 3.0161e-01 3.7899e-01 
7.570 3.1370e-01 3.9289e-01 
7.525 3.2704e-01 4.0752e-01 
7.480 3.4060e-01 4.2262e-01 
7.435 3.5540e-01 4.3838e-01 
7.391 3.7044e-01 4.5462e-01 
7.348 3.8695e-01 4.7167e-01 
7.305 4.0374e-01 4.8917e-01 
7.263 4.2205e-01 5.0753e-01 
7.221 4.4067e-01 5.2637e-01 
7.180 4.6097e-01 5.4611e-01 
7.139 4.8161e-01 5.6632e-01 
7.099 5.0400e-01 5.8747e-01 
7.059 5.2672e-01 6.0899e-01 
7.020 5.5132e-01 6.3156e-01 
6.981 5.7621e-01 6.5445e-01 
6.943 6.0294e-01 6.7827e-01 
6.905 6.2982e-01 7.0223e-01 
6.867 6.5838e-01 7.2697e-01 
6.830 6.8681e-01 7.5157e-01 
6.793 7.1657e-01 7.7667e-01 
6.757 7.4572e-01 8.0119e-01 
6.721 7.7566e-01 8.2578e-01 
6.686 8.0428e-01 8.4922e-01 
6.651 8.3276e-01 8.7204e-01 
6.617 8.5908e-01 8.9305e-01 
6.583 8.8407e-01 9.1261e-01 
6.549 9.0611e-01 9.2979e-01 
6.516 9.2618e-01 9.4516e-01 
6.483 9.4305e-01 9.5802e-01 
6.450 9.5760e-01 9.6893e-01 
6.418 9.6918e-01 9.7757e-01 
6.386 9.7860e-01 9.8451e-01 
6.354 9.8560e-01 9.8964e-01 
6.323 9.9078e-01 9.9341e-01 
6.292 9.9427e-01 9.9593e-01 
6.261 9.9660e-01 9.9759e-01 
6.231 9.9664e-01 9.9758e-01 
6.201 9.9811e-01 9.9868e-01 
6.172 9.9810e-01 9.9863e-01 
6.142 9.9901e-01 9.9932e-01 
5     1          1
4     1          1
3     1          1
2     1          1
1     1          1
0     1          1